0 1 0 0
1 0.54030230586814 0.841470984807897 0.31045345880221
2 -0.416146836547142 0.909297426825682 -0.124220254820714
3 -0.989992496600445 0.141120008059867 -0.444686439032528
4 -0.653643620863612 -0.756802495307928 -0.35630996197442
5 0.283662185463226 -0.958924274663138 0.0596562509153914
6 0.960170286650366 -0.279415498198926 0.420774781832489
7 0.753902254343305 0.656986598718789 0.395034918835123
8 -0.145500033808614 0.989358246623382 0.00610177325761185
9 -0.911130261884677 0.412118485241757 -0.388441314513179
