0 2 0
0.1 1.95403023058681 0.193104534588022
0.2 1.90806046117363 0.372418138352088
0.3 1.86209069176044 0.537940811292199
0.4 1.81612092234726 0.689672553408354
0.5 1.77015115293407 0.827613364700552
0.6 1.72418138352088 0.951763245168795
0.7 1.6782116141077 1.06212219481308
0.8 1.63224184469451 1.15869021363341
0.9 1.58627207528133 1.24146730162979
1 1.54030230586814 1.31045345880221
1.1 1.44465739162661 1.90983464638465
1.2 1.34901247738508 2.02082466556278
1.3 1.25336756314356 2.10312121046845
1.4 1.15772264890203 2.15672428110166
1.5 1.0620777346605 2.18163387746241
1.6 0.96643282041897 2.1778499995507
1.7 0.870787906177442 2.14537264736654
1.8 0.775142991935914 2.08420182090991
1.9 0.679498077694385 1.99433752018083
2 0.583853163452857 2.83222888759457
2.1 0.526468597447527 2.88200651903905
2.2 0.469084031442197 2.91456878068194
2.3 0.411699465436866 2.92991567252323
2.4 0.354314899431536 2.92804719456292
2.5 0.296930333426206 2.90896334680101
2.6 0.239545767420875 2.8726641292375
2.7 0.182161201415545 2.81914954187239
2.8 0.124776635410215 2.74841958470568
2.9 0.0673920694048842 2.66047425773738
3 0.010007503399555 3.12915922102077
3.1 0.0436423909732384 3.13520520449678
3.2 0.0772772785469218 3.1513416542449
3.3 0.110912166120605 3.17756857026511
3.4 0.144547053694289 3.21388595255744
3.5 0.178181941267972 3.26029380112187
3.6 0.211816828841655 3.3167921159584
3.7 0.245451716415339 3.38338089706704
3.8 0.279086603989022 3.46006014444778
3.9 0.312721491562705 3.54682985810063
4 0.34635637913639 3.30734116228875
4.1 0.440086959769073 3.35603638729729
4.2 0.533817540401757 3.43285078649564
4.3 0.62754812103444 3.53778435988379
4.4 0.721278701667124 3.67083710746174
4.5 0.815009282299807 3.8320090292295
4.6 0.908739862932491 4.02130012518707
4.7 1.00247044356517 4.23871039533444
4.8 1.09620102419786 4.48423983967162
4.9 1.18993160483054 4.7578884581986
5 1.28366218546322 5.05965625091539
5.1 1.35131299558194 4.26086428465268
5.2 1.41896380570065 4.41967336775242
5.3 1.48661461581937 4.59877769388778
5.4 1.55426542593808 4.79817726305875
5.5 1.62191623605679 5.01787207526534
5.6 1.68956704617551 5.25786213050753
5.7 1.75721785629422 5.51814742878535
5.8 1.82486866641293 5.79872797009878
5.9 1.89251947653165 6.09960375444782
5.99999999999999 1.96017028665036 6.42077478183247
6.09999999999999 1.93954348341966 5.93718968882577
6.19999999999999 1.91891668018895 6.12392465603699
6.29999999999999 1.89828987695825 6.30447158227899
6.39999999999999 1.87766307372754 6.47883046755179
6.49999999999999 1.85703627049684 6.64700131185537
6.59999999999999 1.83640946726613 6.80898411518974
6.69999999999999 1.81578266403542 6.9647788775549
6.79999999999999 1.79515586080472 7.11438559895085
6.89999999999999 1.77452905757401 7.25780427937759
6.99999999999999 1.75390225434331 7.39503491883511
7.09999999999999 1.66396202552812 7.76320214225422
7.19999999999999 1.57402179671293 7.89811926472172
7.29999999999999 1.48408156789774 8.00605431854466
7.39999999999999 1.39414133908255 8.08700730372304
7.49999999999999 1.30420111026736 8.14097822025686
7.59999999999999 1.21426088145216 8.16796706814613
7.69999999999999 1.12432065263697 8.16797384739084
7.79999999999999 1.03438042382178 8.14099855799099
7.89999999999999 0.944440195006589 8.08704119994659
7.99999999999999 0.854499966191398 8.00610177325762
8.09999999999999 0.77793694338379 8.97946960460752
8.19999999999999 0.701373920576184 9.03046624096324
8.29999999999999 0.624810897768578 9.05849397047668
8.39999999999999 0.548247874960972 9.06355279314783
8.49999999999999 0.471684852153366 9.0456427089767
8.59999999999999 0.39512182934576 9.0047637179633
8.69999999999999 0.318558806538153 8.94091582010761
8.79999999999998 0.241995783730547 8.85409901540963
8.89999999999998 0.165432760922941 8.74431330386938
8.99999999999998 0.0888697381153353 8.61155868548684
