0 NaN NaN NaN Infinity
100 13.2880082952474 0.721637680888209 1.44420784636737 0.1
200 11.9689431884093 0.597427425949851 0.945713729347969 0.0707106781186548
300 12.5116390108452 0.0547316035139414 0.80409006701638 0.0577350269189626
400 12.8419492364578 0.275578622098648 0.712632992160846 0.05
500 12.5317107333571 0.0346598810021135 0.619161147080047 0.0447213595499958
600 12.7477863813235 0.181415766964294 0.57475631250518 0.0408248290463863
700 12.3263941012608 0.239976513098405 0.521189599129563 0.0377964473009227
800 12.3184263000888 0.247944314270383 0.486750955564806 0.0353553390593274
900 12.5409910392431 0.0253795751161068 0.463069158023045 0.0333333333333333
1000 12.5274106128056 0.038960001553594 0.440121196713809 0.0316227766016838
1100 12.4563820394723 0.109988574886836 0.417303872091685 0.0301511344577764
1200 12.5745595293269 0.00818891496776786 0.402820639850718 0.0288675134594813
1300 12.5578170862792 0.00855352807995402 0.386709392237566 0.0277350098112615
1400 12.4914317898457 0.074938824513433 0.371108348257765 0.0267261241912424
1500 12.5844145054898 0.0180438911306187 0.360685459778554 0.0258198889747161
1600 12.7098955741694 0.143524959810252 0.352151342556886 0.025
1700 12.8802264996492 0.313855885290026 0.344393686140736 0.0242535625036333
1800 12.4462567845606 0.120113829798539 0.326926362353819 0.0235702260395516
1900 12.3816899263299 0.18468068802923 0.316618381887773 0.0229415733870562
2000 12.4996037369339 0.0667668774253158 0.310886564293058 0.0223606797749979
2100 12.4444551676417 0.121915446717445 0.302536950568835 0.0218217890235992
2200 12.7150307868881 0.148660172528945 0.298936405760636 0.021320071635561
2300 12.2782476590524 0.288122955306807 0.286188516648614 0.0208514414057075
2400 12.630479796291 0.0641091819318564 0.285185728994057 0.0204124145231932
2500 12.5387821465717 0.027588467787508 0.279163960433057 0.02
2600 12.6540184806667 0.0876478663074955 0.275034331185075 0.0196116135138184
2700 12.6666031370494 0.100232522690199 0.270144885324588 0.0192450089729875
2800 12.6520517564578 0.0856811420986752 0.264991061403596 0.0188982236504614
2900 12.3717023078104 0.194668306548744 0.256169167807505 0.0185695338177052
3000 12.4333334554764 0.133037158882798 0.252678358612653 0.0182574185835055
3100 12.7383326004744 0.171961986115276 0.254083846059351 0.0179605302026775
3200 12.6127329614293 0.0463623470701311 0.247467162885989 0.0176776695296637
3300 12.4108590532503 0.155511561108847 0.240221083210938 0.0174077655955698
3400 12.5152220141703 0.0511486001889168 0.238843695221042 0.0171498585142509
3500 12.6542070073079 0.0878363929487573 0.236946845072184 0.0169030850945703
3600 12.3514315651112 0.214939049247992 0.229192866488295 0.0166666666666667
3700 12.6067551669653 0.0403845526060831 0.22980585867298 0.0164398987305357
3800 12.6186490038357 0.0522783894765446 0.226895603783585 0.0162221421130763
3900 12.4680677015814 0.0983029127777968 0.222144416605427 0.0160128153805087
4000 12.6421393150511 0.0757687006919472 0.221442132634772 0.0158113883008419
4100 12.5523224692273 0.0140481451319019 0.217900908110584 0.0156173761888606
4200 12.5629923059374 0.0033783084217518 0.21539704048939 0.0154303349962092
4300 12.6592694827239 0.0928988683647152 0.213871580666791 0.0152498570332605
4400 12.5134375757734 0.0529330385857421 0.20987522140163 0.0150755672288882
4500 12.7194533828019 0.153082768442756 0.209923306099118 0.0149071198499986
4600 12.4818251027407 0.0845455116185043 0.204596777294496 0.0147441956154897
4700 12.5259345891312 0.0404360252280114 0.203670048289518 0.0145864991497895
4800 12.6511449556765 0.084774341317372 0.202272517097163 0.0144337567297406
4900 12.4815665362709 0.0848040780882346 0.197977779862081 0.0142857142857143
5000 12.6113015826245 0.0449309682653745 0.197986649788869 0.014142135623731
5100 12.5837570315504 0.0173864171912399 0.195400635210857 0.0140028008402801
5200 12.5602597960246 0.00611081833455707 0.193493675517592 0.0138675049056307
5300 12.5926564089427 0.0262857945835258 0.191963611437304 0.0137360563948689
5400 12.6237265286912 0.0573559143319979 0.190623003274103 0.0136082763487954
5500 12.4783789164563 0.0879916979028508 0.187500170374794 0.0134839972492648
5600 12.6542337147223 0.0878631003630819 0.187088576521289 0.0133630620956212
5700 12.4871630697233 0.0792075446358478 0.184006917261571 0.0132453235706504
5800 12.4905383400285 0.0758322743306277 0.182717394104156 0.0131306432859723
5900 12.4647409970745 0.101629617284624 0.181020420662878 0.0130188910980824
6000 12.5871570554037 0.0207864410445477 0.180077811801071 0.0129099444873581
6100 12.6397617938182 0.0733911794590565 0.17973702244054 0.0128036879932896
6200 12.5392389997541 0.0271316146051053 0.17714943243534 0.012700012700019
6300 12.6186976264621 0.0523270121028858 0.176650146405305 0.0125988157669742
6400 12.5177496503274 0.0486209640318016 0.173719911618026 0.0125
6500 12.4697182213028 0.0966523930563827 0.171998737672834 0.0124034734589208
6600 12.6121376896898 0.0457670753306765 0.172476806048403 0.0123091490979333
6700 12.5531037259888 0.0132668883703548 0.170466945745628 0.0122169444356305
6800 12.5329198773516 0.0334507370075805 0.168930074960294 0.0121267812518166
6900 12.5654650760209 0.000905538338288991 0.16797248944676 0.0120385853085769
7000 12.6504681444805 0.0840975301213582 0.167317755768438 0.0119522860933439
7100 12.5285976826879 0.0377729316712845 0.165524919765334 0.0118678165819385
7200 12.5281991150755 0.038171499283651 0.163957987374872 0.0117851130197758
7300 12.5244030891476 0.0419675252115503 0.163198379796151 0.0117041147196131
7400 12.6084244579273 0.0420538435680928 0.162508963916311 0.0116247638743819
7500 12.5149610036883 0.0514096106708912 0.160648736121207 0.0115470053837925
7600 12.5979577943504 0.0315871799911971 0.160525772418102 0.0114707866935281
7700 12.4444562347143 0.12191437964484 0.158185560589357 0.0113960576459638
7800 12.6354291699457 0.0690585555865457 0.158660945389235 0.011322770341446
7900 12.6193444482536 0.0529738338944767 0.157589420622475 0.0112508790092602
8000 12.5970195863249 0.0306489719657073 0.156337379865133 0.0111803398874989
8100 12.5481989502998 0.0181716640593894 0.154975869270408 0.0111111111111111
8200 12.4557000717986 0.110670542560563 0.153066260371709 0.0110431526074847
8300 12.5566131410487 0.00975747331048815 0.153277060882708 0.010976425998969
8400 12.578105454637 0.0117348402778656 0.152163569613974 0.0109108945117996
8500 12.4570556074216 0.109315006937582 0.150251860860773 0.0108465228909328
8600 12.576374618931 0.0100040045718437 0.150488956065807 0.0107832773203438
8700 12.6017185857563 0.0353479713971581 0.150101855537663 0.0107211253483779
8800 12.6325294669077 0.0661588525484813 0.149310151786313 0.0106600358177805
8900 12.6719244651709 0.105553850811757 0.149006105988552 0.0105999788000636
9000 12.5831574332174 0.0167868188582467 0.147122512044477 0.0105409255338946
9100 12.55100000654 0.0153706078191256 0.146165995095214 0.0104828483672192
9200 12.656846492392 0.0904758780328194 0.146203361805704 0.0104257207028537
9300 12.6851902633937 0.118819649034485 0.145626123485408 0.0103695169473043
9400 12.5964562213438 0.0300856069846738 0.144140433201165 0.0103142124625879
9500 12.7164883574452 0.150117743086001 0.144355369478984 0.0102597835208515
9600 12.5056921996556 0.0606784147035668 0.141870647012788 0.0102062072615966
9700 12.5775642765297 0.0111936621705215 0.141697228603578 0.0101534616513362
9800 12.6159613309431 0.0495907165839657 0.141262548336928 0.0101015254455221
9900 12.4899100252965 0.076460589062636 0.139510673378224 0.0100503781525921
10000 12.6279066330287 0.0615360186694893 0.140301396481482 0.01
10100 12.5312465405757 0.0351240737834662 0.138525890938095 0.00995037190209989
10200 12.5284192356502 0.0379513787089767 0.137836995199306 0.00990147542976674
10300 12.5626779411398 0.00369267321941891 0.137566506104072 0.00985329278164293
10400 12.6073264132201 0.0409557988609652 0.137138016449188 0.0098058067569092
10500 12.5439778885991 0.0223927257600813 0.13605402642303 0.00975900072948533
10600 12.5649754120013 0.00139520235787671 0.13583289286128 0.00971285862357264
10700 12.5267908388271 0.039579775532081 0.134734373361435 0.00966736489045664
10800 12.6102025612965 0.0438319469373543 0.134837390431111 0.00962250448649376
10900 12.6298263714515 0.063455757092342 0.134369158840694 0.00957826285221151
11000 12.5021750558179 0.0641955585412521 0.132427123974587 0.00953462589245592
11100 12.5311336953931 0.0352369189660795 0.132182742754338 0.00949157995752499
11200 12.5217761243552 0.0445944900040018 0.131564547182053 0.00944911182523068
11300 12.4635905182093 0.102780096149898 0.130651814740314 0.00940720868383597
11400 12.5447506107448 0.021620003614407 0.130446545026641 0.00936585811581694
11500 12.6572284168438 0.0908578024846349 0.13073871054711 0.00932504808240314
11600 12.5395927532805 0.0267778610786689 0.129639051063148 0.00928476690885259
11700 12.6633564875784 0.0969858732192144 0.129777753605853 0.00924500327042049
11800 12.5490412436466 0.0173293707125488 0.128582883505622 0.00920574617898323
11900 12.5019013828347 0.0644692315244253 0.127552522244153 0.00916698497028211
12000 12.5396265711932 0.0267440431660102 0.127245381049251 0.00912870929175277
12100 12.5331805770755 0.0331900372836227 0.126673823018296 0.00909090909090909
12200 12.590394414613 0.024023800253822 0.126584251512326 0.00905357460425185
12300 12.5791297530389 0.012759138679689 0.125983863001402 0.00901669634667432
12400 12.5409725669453 0.0253980474138622 0.125151390305943 0.00898026510133875
12500 12.5012662437246 0.0651043706346108 0.124477747998807 0.00894427190999916
12600 12.6656761498596 0.0993055355004575 0.125168156073028 0.00890870806374748
12700 12.6282216545242 0.0618510401650081 0.124369373897811 0.00887356509416114
12800 12.6308119351927 0.0644413208335699 0.123851828499232 0.00883883476483184
12900 12.5240072535457 0.042363360813507 0.122497085940124 0.00880450906325624
13000 12.5600740091071 0.00629660525203946 0.12230509294115 0.00877058019307029
13100 12.5124151998151 0.0539554145440384 0.121595773309288 0.00873704056661038
13200 12.5149841468577 0.051386467501505 0.121126021215675 0.00870388279778489
13300 12.6270692099994 0.0606985956402539 0.121275210278714 0.0086710996952412
13400 12.56197701642 0.00439359793917227 0.120562940973394 0.0086386842558136
13500 12.6348187111076 0.0684480967484387 0.120484754767135 0.0086066296582387
13600 12.526283693762 0.0400869205972079 0.119407278684105 0.00857492925712544
13700 12.63344079646 0.0670701821008262 0.119634102167273 0.00854357657716761
13800 12.6306513184401 0.0642807040809679 0.119222883734648 0.00851256530758749
13900 12.6086505497629 0.0422799354037604 0.118625360425605 0.00848188929679971
14000 12.5640789601501 0.00229165420909183 0.118139797124745 0.00845154254728517
14100 12.5091364879785 0.0572341263806297 0.117238108432551 0.00842151921066519
14200 12.4564307842267 0.10993983013247 0.116313120006809 0.00839181358296689
14300 12.6040479249189 0.0376773105597099 0.117013623986778 0.00836242010007091
14400 12.5917893429454 0.0254187285862493 0.116353432276263 0.00833333333333333
14500 12.5710934779376 0.00472286357841334 0.115863989765888 0.008304547985374
14600 12.5214097350215 0.0449608793376388 0.115363877070649 0.00827605888602368
14700 12.5393090688384 0.0270615455207306 0.115011991237812 0.00824786098842323
14800 12.588530167589 0.0221595532297894 0.114720059657948 0.00821994936526786
14900 12.5342093791775 0.032161235181718 0.114136773938253 0.0081923192051904
15000 12.5316016578033 0.0347689565559097 0.113712713283245 0.00816496580927726
15100 12.5576156086586 0.00875500570057319 0.113606494339408 0.00813788458771159
15200 12.5777700470189 0.0113994326597613 0.113294140308635 0.00811107105653813
15300 12.4503298129036 0.116040801455613 0.112120583786883 0.00808452083454443
15400 12.6898981954458 0.123527581086639 0.113272474145877 0.0080582296402538
15500 12.5193547668558 0.0470158475034168 0.111811514157291 0.00803219328902499
15600 12.6295352856802 0.0631646713210579 0.112088757656353 0.00800640769025436
15700 12.5903919029128 0.0240212885536337 0.111501511356682 0.00798086884467622
15800 12.5725317213082 0.00616110694904926 0.110989873462516 0.0079555728417573
15900 12.5335710483926 0.0327995659666094 0.110440686109742 0.00793051585718144
16000 12.6362412018583 0.0698705874990786 0.110805862679042 0.00790569415042095
16100 12.5867360017173 0.0203653873581615 0.110164408610702 0.00788110406239101
16200 12.5482384755773 0.0181321387819064 0.109485295930658 0.00785674201318386
16300 12.5223592911193 0.0440113232398307 0.10904831931911 0.00783260449987957
16400 12.5549330214263 0.0114375929328467 0.108818714501021 0.0078086880944303
16500 12.5321388551629 0.0342317591962455 0.108472429132202 0.00778498944161523
16600 12.653117615635 0.0867470012757927 0.108835258000656 0.00776150525706333
16700 12.5199933435515 0.0463772708076675 0.10756077081185 0.00773823232534137
16800 12.529646207777 0.036724406582163 0.107397746699075 0.0077151674981046
16900 12.6252508026173 0.0588801882580796 0.107816388167434 0.00769230769230769
17000 12.6345855909723 0.068214976613131 0.107415825652312 0.0076696498884737
17100 12.5764300607222 0.010059446363039 0.106714525593125 0.00764719112901873
17200 12.6277327023055 0.0613620879463408 0.106853632812322 0.00762492851663023
17300 12.6606583343744 0.0942877200152239 0.106717323473176 0.00760285921269705
17400 12.5802677168412 0.0138971024819821 0.105920141861931 0.00758098043578903
17500 12.5452207627306 0.0211498516285236 0.105282582084895 0.00755928946018454
17600 12.6156231879366 0.0492525735774016 0.105484146241944 0.00753778361444409
17700 12.56307879242 0.00329182193915223 0.104897910031182 0.00751646028002829
17800 12.5816391249056 0.0152685105464574 0.104798855796558 0.00749531688995861
17900 12.5753188674005 0.00894825304130364 0.104383427971928 0.00747435092751936
18000 12.5854779372016 0.0191073228424337 0.104076654307003 0.0074535599249993
18100 12.5558076233194 0.0105629910397713 0.103622819405972 0.00743294146247166
18200 12.6312059591293 0.0648353447701542 0.103748525044811 0.00741249316661101
18300 12.5582777281377 0.00809288622149751 0.103112087103725 0.00739221270954573
18400 12.4875954381448 0.0787751762144122 0.102445840410742 0.00737209780774486
18500 12.5426237832551 0.0237468311040452 0.102436300478106 0.00735214622093808
18600 12.6173803938816 0.0510097795224347 0.102593631118412 0.00733235575106766
18700 12.5686390546732 0.00226844031398699 0.102093645433117 0.00731272424127131
18800 12.5555248869371 0.0108457274220797 0.101685095519491 0.00729324957489473
18900 12.5869415764806 0.0205709621213934 0.101641001900938 0.00727392967453308
19000 12.5782434645843 0.0118728502251759 0.101318489952817 0.00725476250110012
19100 12.5636689880616 0.00270162629760584 0.101023517536902 0.00723574605292422
19200 12.5722771850032 0.00590657064400624 0.100775699305535 0.00721687836487032
19300 12.512153161884 0.0542174524752053 0.10020371636963 0.00719815750748694
19400 12.6525341737688 0.0861635594095844 0.100760690940686 0.00717958158617738
19500 12.5423646923034 0.024005922055732 0.0997803558962406 0.00716114874039433
19600 12.6059134395211 0.0395428251619734 0.0999531023952421 0.00714285714285714
19700 12.6162839317401 0.0499133173809163 0.0997326752885821 0.00712470499879096
19800 12.5722878556177 0.00591724125853865 0.0991435532373189 0.00710669054518702
19900 12.5972789460232 0.0309083316640333 0.099082608803429 0.00708881205008336
