0 NaN NaN NaN Infinity
100 3.10919901818806 0.0323936354017365 0.358225723677288 0.1
200 3.38269089319503 0.241098239605234 0.269182713824255 0.0707106781186548
300 3.2181128412489 0.0765201876591073 0.213665743556191 0.0577350269189626
400 3.13901850932927 0.00257414426052138 0.182646936409475 0.05
500 3.18615935192083 0.0445666983310398 0.163836736104672 0.0447213595499958
600 3.14081760817349 0.000775045416298692 0.148082434540746 0.0408248290463863
700 3.18531165753485 0.0437190039450575 0.138562366278929 0.0377964473009227
800 3.07809740569469 0.0634952478951019 0.126007188421572 0.0353553390593274
900 3.18235842671387 0.0407657731240776 0.121956632409634 0.0333333333333333
1000 3.1692671896359 0.0276745360461108 0.115829047325949 0.0316227766016838
1100 3.08195337102881 0.0596392825609877 0.10706951967291 0.0301511344577764
1200 3.08843730473212 0.0531553488576688 0.103609317706526 0.0288675134594813
1300 3.13742567412309 0.00416697946670075 0.100436076218874 0.0277350098112615
1400 3.12553869812999 0.0160539554598 0.0967838201626591 0.0267261241912424
1500 3.12063773093384 0.020954922655958 0.0931436178803117 0.0258198889747161
1600 3.1302787454545 0.0113139081352944 0.0905308805876529 0.025
1700 3.09763804475322 0.043954608836573 0.0869975534173538 0.0242535625036333
1800 3.11198480037064 0.029607853219153 0.0848637135009755 0.0235702260395516
1900 3.12811379187242 0.0134788617173736 0.0831640830916595 0.0229415733870562
2000 3.09761688718673 0.0439757664030678 0.0800046019054753 0.0223606797749979
2100 3.14797128926132 0.0063786356715223 0.0790419924492573 0.0218217890235992
2200 3.16282565969215 0.0212330061023551 0.0776906408835805 0.021320071635561
2300 3.15656353401052 0.0149708804207278 0.0754718531302922 0.0208514414057075
2400 3.15474319846391 0.01315054487412 0.0742897784765701 0.0204124145231932
2500 3.16232176393299 0.0207291103431975 0.0730271559982776 0.02
2600 3.13388905131757 0.00770360227222477 0.0709551551450027 0.0196116135138184
2700 3.13323914928478 0.00835350430501069 0.0693989316306546 0.0192450089729875
2800 3.14015843259575 0.00143422099404145 0.0683772451772749 0.0188982236504614
2900 3.12614908876563 0.0154435648241646 0.0670133651281648 0.0185695338177052
3000 3.17875626209483 0.0371636085050353 0.0667920447788155 0.0182574185835055
3100 3.13097893295332 0.0106137206364716 0.0649879953905422 0.0179605302026775
3200 3.16242940158306 0.0208367479932692 0.0644671339951063 0.0176776695296637
3300 3.17609783452209 0.0345051809322969 0.0638935181430019 0.0174077655955698
3400 3.14216098574811 0.000568332158315865 0.0620289714166282 0.0171498585142509
3500 3.14159382875022 1.17516042408283E-06 0.0613931093658063 0.0169030850945703
3600 3.14638296754317 0.00479031395337959 0.0605487864317804 0.0166666666666667
3700 3.07477265820595 0.0668199953838431 0.0586983278917053 0.0164398987305357
3800 3.12531349362837 0.0162791599614258 0.0585072989945055 0.0162221421130763
3900 3.12653399635166 0.0150586572381326 0.0581365249277694 0.0160128153805087
4000 3.11968913121829 0.0219035223715007 0.0569703355429215 0.0158113883008419
4100 3.12813594762187 0.0134567059679238 0.0564915048824009 0.0156173761888606
4200 3.15233965930792 0.0107470057181223 0.0560644182126143 0.0154303349962092
4300 3.14757567091073 0.00598301732093454 0.0553563914696608 0.0152498570332605
4400 3.18319709656934 0.0416044429795464 0.0550666358264539 0.0150755672288882
4500 3.16966960333355 0.0280769497437525 0.0544852157726602 0.0149071198499986
4600 3.1738476320633 0.0322549784735107 0.0538651880191562 0.0147441956154897
4700 3.12040706729045 0.0211855862993429 0.0527287673743027 0.0145864991497895
4800 3.12290012172112 0.0186925318686768 0.052166678649493 0.0144337567297406
4900 3.18068687758357 0.039094223993779 0.0522074794019554 0.0142857142857143
5000 3.14114113278034 0.000451520809455985 0.0512387395029235 0.014142135623731
5100 3.12127760680425 0.0203150467855449 0.0505524128662984 0.0140028008402801
5200 3.15353719341052 0.0119445398207261 0.0504136809611253 0.0138675049056307
5300 3.12753487692156 0.0140577766682339 0.0497193664977724 0.0137360563948689
5400 3.12969923547445 0.0118934181153443 0.0493087588686485 0.0136082763487954
5500 3.17247770947409 0.0308850558842955 0.049241145267854 0.0134839972492648
5600 3.13464852737701 0.00694412621278362 0.0483919531606002 0.0133630620956212
5700 3.10987716932167 0.0317154842681209 0.0476874683917532 0.0132453235706504
5800 3.1608124738999 0.019219820310111 0.0478089659516988 0.0131306432859723
5900 3.10818948325598 0.0334031703338153 0.0468788394847101 0.0130188910980824
6000 3.1236670261652 0.0179256274245976 0.046554449735935 0.0129099444873581
6100 3.14364846224534 0.00205580865554333 0.046538682564416 0.0128036879932896
6200 3.15384247696748 0.0122498233776858 0.0462229843875321 0.012700012700019
6300 3.14005119167451 0.00154146191528515 0.0458247218605169 0.0125988157669742
6400 3.12924848036883 0.0123441732209675 0.0451676725763468 0.0125
6500 3.18277105878755 0.0411784051977571 0.0454186447267721 0.0124034734589208
6600 3.13252522187847 0.00906743171131996 0.0445203523643579 0.0123091490979333
6700 3.12221018421359 0.0193824693762057 0.0440327732198844 0.0122169444356305
6800 3.18428540013604 0.042692746546249 0.0444065093749624 0.0121267812518166
6900 3.13098099706837 0.0106116565214247 0.0435526848042951 0.0120385853085769
7000 3.12435803666983 0.0172346169199606 0.0431645544246394 0.0119522860933439
7100 3.15615480715664 0.0145621535668474 0.0431876498476886 0.0118678165819385
7200 3.13550896342114 0.00608369016865806 0.042660284836142 0.0117851130197758
7300 3.14783657461174 0.00624392102194493 0.0425545845050955 0.0117041147196131
7400 3.15625739970624 0.0146647461164435 0.0422828249147919 0.0116247638743819
7500 3.12884892620228 0.0127437273875142 0.0417027958968689 0.0115470053837925
7600 3.13485110494315 0.00674154864664178 0.0415511648432235 0.0114707866935281
7700 3.12014471173277 0.0214479418570255 0.0411686723700758 0.0113960576459638
7800 3.09453297066087 0.0470596829289245 0.0405109004729622 0.011322770341446
7900 3.1017323150578 0.0398603385319936 0.0403679338464 0.0112508790092602
8000 3.13682808789009 0.00476456569970374 0.0404665838466271 0.0111803398874989
8100 3.12285570420176 0.0187369493880301 0.0401928518386657 0.0111111111111111
8200 3.11750140900866 0.0240912445811317 0.0398591932425943 0.0110431526074847
8300 3.13578034732601 0.00581230626378648 0.0398067345349422 0.010976425998969
8400 3.12938682997771 0.0122058236120801 0.0394489609163644 0.0109108945117996
8500 3.16096370492622 0.0193710513364316 0.0395119749418068 0.0108465228909328
8600 3.14162590872729 3.32551374930823E-05 0.0391287974199089 0.0107832773203438
8700 3.12603070229454 0.0155619512952576 0.0386822747891692 0.0107211253483779
8800 3.14977778860245 0.00818513501265317 0.0387285926742669 0.0106600358177805
8900 3.1084962443032 0.0330964092865913 0.038079207914391 0.0105999788000636
9000 3.1391776364967 0.00241501709309544 0.0382394281131933 0.0105409255338946
9100 3.18101740250882 0.039424748919028 0.038347744149926 0.0104828483672192
9200 3.13176568946018 0.00982696412961381 0.0378404827589375 0.0104257207028537
9300 3.12233775452553 0.01925489906426 0.037454216566274 0.0103695169473043
9400 3.14935165031272 0.00775899672292946 0.0374345632223235 0.0103142124625879
9500 3.14972197028532 0.00812931669552963 0.0373542709431881 0.0102597835208515
9600 3.1542371519637 0.01264449837391 0.0371816881611373 0.0102062072615966
9700 3.11421259578262 0.0273800578071719 0.0366198627401288 0.0101534616513362
9800 3.14891438610038 0.00732173251058743 0.0366844032230034 0.0101015254455221
9900 3.1295679286749 0.0120247249148888 0.0363394491267448 0.0100503781525921
10000 3.15138082729489 0.00978817370509999 0.0363874448940495 0.01
10100 3.14475890868928 0.00316625509948532 0.0361531330332319 0.00995037190209989
10200 3.14289470204341 0.00130204845361837 0.0358875881004062 0.00990147542976674
10300 3.14090812755018 0.000684526039615108 0.0357773506582167 0.00985329278164293
10400 3.15252237113336 0.0109297175435659 0.0356262711671618 0.0098058067569092
10500 3.14697917955653 0.0053865259667405 0.0354428759104714 0.00975900072948533
10600 3.12072246224718 0.0208701913426177 0.0350368978416272 0.00971285862357264
10700 3.14049903103976 0.00109362255003775 0.0350716814147868 0.00966736489045664
10800 3.13513810225639 0.00645455133340578 0.0348521134468518 0.00962250448649376
10900 3.13544344440719 0.00614920918260342 0.0346767125528492 0.00957826285221151
11000 3.14657588722517 0.0049832336353739 0.0346146777091886 0.00953462589245592
11100 3.12383452982826 0.017758123761531 0.0343403926576193 0.00949157995752499
11200 3.15036584946274 0.00877319587295089 0.0343116168204888 0.00944911182523068
11300 3.15682636059797 0.0152337070081789 0.0342280273214841 0.00940720868383597
11400 3.15406109216341 0.0124684385736185 0.0341499283806198 0.00936585811581694
11500 3.14657750774279 0.00498485415300154 0.0338696895946567 0.00932504808240314
11600 3.17370100331365 0.0321083497238535 0.0339605027235863 0.00928476690885259
11700 3.11824634745872 0.0233463061310704 0.0333493069830655 0.00924500327042049
11800 3.15612798876598 0.0145353351761863 0.0335170463275201 0.00920574617898323
11900 3.13540515285022 0.00618750073957486 0.0331688754383701 0.00916698497028211
12000 3.14607657884599 0.00448392525620012 0.0331924901668252 0.00912870929175277
12100 3.14575915099422 0.00416649740443154 0.0329224085780098 0.00909090909090909
12200 3.13972061894698 0.00187203464281316 0.0329268048744514 0.00905357460425185
12300 3.08924023145645 0.0523524221333469 0.0322994384481654 0.00901669634667432
12400 3.14006850960159 0.00152414398820122 0.0326034131192243 0.00898026510133875
12500 3.12726115002538 0.0143315035644145 0.0323529126863683 0.00894427190999916
12600 3.15038421327503 0.00879155968524037 0.0323585291712374 0.00890870806374748
12700 3.14757321723363 0.00598056364383703 0.0321935636593954 0.00887356509416114
12800 3.14810748765369 0.00651483406390163 0.0321260689728172 0.00883883476483184
12900 3.14106528028247 0.000527373307326773 0.0319297713587903 0.00880450906325624
13000 3.12597907370795 0.0156135798818409 0.0317011636860912 0.00877058019307029
13100 3.10798162736958 0.0336110262202136 0.0314340945092085 0.00873704056661038
13200 3.15341575181169 0.0118230982218952 0.0316059502994839 0.00870388279778489
13300 3.12828166347782 0.0133109901119712 0.0313792608300497 0.0086710996952412
13400 3.12712275385579 0.0144698997340051 0.0312305022635325 0.0086386842558136
13500 3.14249442964837 0.000901776058578552 0.0311953839513243 0.0086066296582387
13600 3.14814691492601 0.00655426133621928 0.0311347208815447 0.00857492925712544
13700 3.13829456426529 0.00329808932450293 0.0309456147757481 0.00854357657716761
13800 3.12614770830652 0.0154449452832717 0.0307354392795452 0.00851256530758749
13900 3.12636013784622 0.0152325157435684 0.0306792334291822 0.00848188929679971
14000 3.13340053478943 0.00819211880036219 0.030614927267204 0.00845154254728517
14100 3.16508897602843 0.0234963224386409 0.0307290669490963 0.00842151921066519
14200 3.1294997094321 0.0120929441576951 0.0303495125816745 0.00839181358296689
14300 3.15024686778035 0.00865421419055634 0.0304223089886449 0.00836242010007091
14400 3.14191676162506 0.000324108035268722 0.0302122524373328 0.00833333333333333
14500 3.11970792206985 0.0218847315199406 0.0299838231145412 0.008304547985374
14600 3.16753816925801 0.0259455156682202 0.0301702101969293 0.00827605888602368
14700 3.15543786079705 0.0138452072072606 0.0300641859641773 0.00824786098842323
14800 3.12147052838097 0.0201221252088271 0.0296979263788525 0.00821994936526786
14900 3.12774273469972 0.013849918890076 0.0296185599713176 0.0081923192051904
15000 3.16112137971459 0.0195287261247992 0.0297697824521933 0.00816496580927726
15100 3.17440769720776 0.0328150436179646 0.0297336840236379 0.00813788458771159
15200 3.13022079953529 0.0113718540545036 0.0293429500646003 0.00811107105653813
15300 3.1459463344159 0.00435368082611109 0.029319244407617 0.00808452083454443
15400 3.11621756646436 0.0253750871254304 0.0290708837365821 0.0080582296402538
15500 3.13860404053541 0.00298861305438392 0.0290774333937757 0.00803219328902499
15600 3.13905997755982 0.00253267602997198 0.0289697172454049 0.00800640769025436
15700 3.12840636716935 0.0131862864204475 0.0288155560438818 0.00798086884467622
15800 3.15514675798331 0.0135541043935139 0.0289538554626046 0.0079555728417573
15900 3.13656856072524 0.00502409286455707 0.0287535996792737 0.00793051585718144
16000 3.13613459263364 0.00545806095615387 0.028698203361079 0.00790569415042095
16100 3.1318344282756 0.00975822531418968 0.0285267447766061 0.00788110406239101
16200 3.15407568320766 0.0124830296178686 0.0286032145511341 0.00785674201318386
16300 3.13026001709381 0.0113326364959803 0.028316919868572 0.00783260449987957
16400 3.16041119142728 0.0188185378374874 0.0284442882301586 0.0078086880944303
16500 3.16699380013129 0.0254011465415016 0.0284185801907043 0.00778498944161523
16600 3.12842398417842 0.0131686694113777 0.0280378494197193 0.00776150525706333
16700 3.11167439385983 0.0299182597299597 0.027820232139404 0.00773823232534137
16800 3.13506887853672 0.00652377505307422 0.0279523033554801 0.0077151674981046
16900 3.11960338051062 0.0219892730791722 0.0277502902160956 0.00769230769230769
17000 3.15204788609274 0.0104552325029466 0.0279019175978902 0.0076696498884737
17100 3.12447851033787 0.0171141432519257 0.0276165373265708 0.00764719112901873
17200 3.1017409252308 0.0398517283589892 0.0274300943926924 0.00762492851663023
17300 3.13675451677308 0.00483813681671297 0.0275696423593887 0.00760285921269705
17400 3.14698144938446 0.00538879579466212 0.0275307462071607 0.00758098043578903
17500 3.15011609149968 0.00852343790988463 0.0274402707152689 0.00755928946018454
17600 3.16511624656168 0.0235235929718898 0.0274956434719483 0.00753778361444409
17700 3.12903679356739 0.0125558600224047 0.0271552967929354 0.00751646028002829
17800 3.1517370102629 0.0101443566731021 0.0272488136555447 0.00749531688995861
17900 3.12317976806833 0.0184128855214589 0.0269713378603616 0.00747435092751936
18000 3.13367075276105 0.00792190082873967 0.0270105331619489 0.0074535599249993
18100 3.12468082773366 0.0169118258561345 0.0268419085926815 0.00743294146247166
18200 3.1350520256148 0.0065406279749971 0.02684144283518 0.00741249316661101
18300 3.15963669188661 0.0180440382968179 0.0269674053012888 0.00739221270954573
18400 3.15404415048717 0.012451496897373 0.0268379011305535 0.00737209780774486
18500 3.14074016516941 0.000852488420381547 0.026676843356563 0.00735214622093808
18600 3.13649569240218 0.00509696118761793 0.0265803651551696 0.00733235575106766
18700 3.15773329508314 0.0161406414933465 0.0266225422133447 0.00731272424127131
18800 3.10844767604438 0.0331449775454127 0.026213352373869 0.00729324957489473
18900 3.12653384600625 0.0150588075835465 0.0262763005624544 0.00727392967453308
19000 3.13131565793874 0.010276995651052 0.0262364877900224 0.00725476250110012
19100 3.13920040618184 0.00239224740795496 0.0262279939109718 0.00723574605292422
19200 3.14664346316932 0.00505080957952586 0.02623690018964 0.00721687836487032
19300 3.15783253184888 0.0162398782590891 0.0262209572832804 0.00719815750748694
19400 3.13951085780997 0.0020817957798247 0.0260217723830828 0.00717958158617738
19500 3.14972990824039 0.00813725465059623 0.0260567505296363 0.00716114874039433
19600 3.1467680401958 0.00517538660600758 0.0258902291003761 0.00714285714285714
19700 3.13543888290654 0.00615377068324863 0.0258164950909341 0.00712470499879096
19800 3.14163690588657 4.42522967785131E-05 0.0257869322360637 0.00710669054518702
19900 3.1404062326797 0.00118642091009313 0.0256958542478857 0.00708881205008336
