#################### TASK A: QR decomposition #########################
Original matrix A:
        52          7 
        16         23 
        91         81 
        62         73 
         6         27 
        52         76 
        50         95 
         7         42 
        43         96 
        68         62 
Q:
     0.317     -0.541 
    0.0976     0.0531 
     0.555     -0.223 
     0.378      0.036 
    0.0366      0.214 
     0.317      0.186 
     0.305       0.41 
    0.0427       0.36 
     0.262      0.503 
     0.415     -0.151 
R:
       164        184 
         0       94.9 
Identity matrix:
         1   -1.8e-16 
  -1.8e-16          1 
Q*R:
        52          7 
        16         23 
        91         81 
        62         73 
         6         27 
        52         76 
        50         95 
         7         42 
        43         96 
        68         62 
QR-A:
         0          0 
         0          0 
         0          0 
         0          0 
 -8.88e-16          0 
         0          0 
         0          0 
  8.88e-16          0 
         0          0 
         0          0 
