#################### TASK A: solve decomposition #########################
Original matrix A:
        34         85         81         54          1 
        31         16         95         44          8 
        15          1         36         20         19 
        58         52         85         66         21 
        68         32         17         50          1 
vector b:        64         35         24         74         42 
R:
       102       84.5        121        106       18.2 
         0       63.7       49.5       22.3      -2.91 
         0          0       85.1       21.5       14.8 
         0          0          0       2.51       17.5 
         0          0          0          0      0.278 
Q:
     0.335       0.89    -0.0421     -0.103     -0.289 
     0.305     -0.154      0.771     -0.536    -0.0412 
     0.148      -0.18      0.317      0.642     -0.658 
     0.571     0.0589      0.151      0.476      0.649 
     0.669     -0.385      -0.53     -0.251     -0.245 
Q*R:
        34         85         81         54          1 
        31         16         95         44          8 
        15          1         36         20         19 
        58         52         85         66         21 
        68         32         17         50          1 
Solution x:      26.6        8.5       10.2      -44.4        7.2 
Checking QRx - b = 0: QRx - b =  -1.69e-11  -1.63e-12  -4.01e-11   3.94e-11  -1.38e-11 
