-0.948717948717949 0.348779906692644 0.348779906692645 -0.0237627153720025
-0.897435897435897 0.312645360757733 0.312645360757732 -0.0235961598102416
-0.846153846153846 0.242145363040265 0.242145363040265 -0.0228116453402128
-0.794871794871795 0.137681696438155 0.137681696438155 -0.0201989620058503
-0.743589743589744 0.00319830201248064 0.00319830201248166 -0.0152062375596503
-0.692307692307692 -0.153708434915792 -0.153708434915793 -0.0116839188784598
-0.641025641025641 -0.322096697626628 -0.322096697626628 -0.0163729472857874
-0.58974358974359 -0.48842112628443 -0.488421126284429 -0.0278487340441819
-0.538461538461538 -0.637670950937223 -0.637670950937225 -0.0351745662622143
-0.487179487179487 -0.754808261520216 -0.754808261520216 -0.0333973751042386
-0.435897435897436 -0.826360017340558 -0.826360017340558 -0.0281741495527582
-0.384615384615385 -0.841982533134701 -0.841982533134701 -0.0248317365947062
-0.333333333333333 -0.795804378724626 -0.795804378724626 -0.0591630171813601
-0.282051282051282 -0.687366704062677 -0.687366704062677 -0.018203627721993
-0.230769230769231 -0.522019069205163 -0.522019069205164 -0.0233591321134929
-0.17948717948718 -0.310690045407545 -0.310690045407547 -0.0233264561143851
-0.128205128205128 -0.0690276458828499 -0.069027645882849 -0.0232962416266539
-0.0769230769230769 0.184015121193471 0.18401512119347 -0.0232661888540917
-0.0256410256410257 0.428000936773173 0.428000936773173 -0.0232361622091652
0.0256410256410255 0.643030729447553 0.643030729447553 -0.023206156456121
0.0769230769230769 0.811734080526867 0.811734080526867 -0.0231761714816913
0.128205128205128 0.920994567964933 0.920994567964932 -0.0231462073056732
0.17948717948718 0.963209258165303 0.963209258165303 -0.0231162639500831
0.230769230769231 0.936940276452414 0.936940276452414 -0.023086341436875
0.282051282051282 0.846893385529293 0.846893385529293 -0.0230564397879137
0.333333333333333 0.703242819526761 0.703242819526762 -0.0230265590249746
0.384615384615385 0.520401397810632 0.52040139781063 -0.0229966991697441
0.435897435897436 0.315399256183473 0.315399256183472 -0.0229668602438194
0.487179487179487 0.106075053463557 0.106075053463558 -0.0229370422687086
0.538461538461539 -0.0907043145740833 -0.0907043145740852 -0.0229072452658308
0.58974358974359 -0.260595873925886 -0.260595873925887 -0.0228774692565165
0.641025641025641 -0.392946083128939 -0.392946083128939 -0.0228477142620071
0.692307692307692 -0.481469748837828 -0.481469748837828 -0.0228179803034553
0.743589743589744 -0.524409218616143 -0.524409218616144 -0.0227882674019255
0.794871794871795 -0.524206078605789 -0.524206078605789 -0.0227585755783931
0.846153846153846 -0.486772776085891 -0.486772776085892 -0.0227289048537454
0.897435897435897 -0.420490145298332 -0.420490145298332 -0.0226992552487812
0.948717948717949 -0.335075255655689 -0.335075255655688 -0.0226696267842108
1 -0.240462049968584 -0.240462049968584 -0.0226400194806566
