-4 267228107469794
-3.98 2.14836108505532
-3.96 1.10907064519011
-3.94 0.764336299352368
-3.92 0.593333664445333
-3.9 0.491905820724084
-3.88 0.425341185568178
-3.86 0.378770450215421
-3.84 0.344765913424988
-3.82 0.319208029462745
-3.8 0.299632136646882
-3.78 0.284477087602915
-3.76 0.272709691772147
-3.74 0.263622632084271
-3.72 0.25671914412294
-3.7 0.251643997797468
-3.68 0.248140558001401
-3.66 0.246023225445431
-3.64 0.245159323267934
-3.62 0.245457005198015
-3.6 0.246857144914838
-3.58 0.249327961223499
-3.56 0.2528616088608
-3.54 0.25747226111615
-3.52 0.263195405138847
-3.5 0.270088208108619
-3.48 0.278230919532719
-3.46 0.287729370240673
-3.44 0.298718726867992
-3.42 0.311368776174101
-3.4 0.325891163762026
-3.38 0.342549220791853
-3.36 0.361671316852372
-3.34 0.383669136359781
-3.32 0.409062988403713
-3.3 0.438517396271691
-3.28 0.472892076766674
-3.26 0.513316571414134
-3.24 0.561302305809289
-3.22 0.618915877628938
-3.2 0.689056418759867
-3.18 0.775917965866037
-3.16 0.885798711743264
-3.14 1.02860401032146
-3.12 1.22085250886855
-3.1 1.49228978240386
-3.08 1.9024225996581
-3.06 2.59012196694618
-3.04 3.97203568987658
-3.02 8.13147712876336
-3 -133567860777291
-2.98 -8.55047711851976
-2.96 -4.39191975495274
-2.94 -3.0114850194483
-2.92 -2.3258679646257
-2.9 -1.91843270082391
-2.88 -1.65032380000451
-2.86 -1.46205393783152
-2.84 -1.32390110755195
-2.82 -1.21937467254768
-2.8 -1.13860211925815
-2.78 -1.07532339113902
-2.76 -1.02538844106328
-2.74 -0.985948643995171
-2.72 -0.954995216137333
-2.7 -0.931082791850629
-2.68 -0.913157253445153
-2.66 -0.900445005130276
-2.64 -0.892379936695282
-2.62 -0.888554358816813
-2.6 -0.888685721693421
-2.58 -0.892594101180127
-2.56 -0.900187327544448
-2.54 -0.911451804351171
-2.52 -0.926447826088739
-2.5 -0.945308728380167
-2.48 -0.968243599973868
-2.46 -0.995543621032729
-2.44 -1.0275924204259
-2.42 -1.06488121451543
-2.4 -1.10802995679089
-2.38 -1.15781636627646
-2.36 -1.21521562462397
-2.34 -1.28145491544168
-2.32 -1.35808912150034
-2.3 -1.44710740769658
-2.28 -1.5510860117947
-2.26 -1.67341202281008
-2.24 -1.8186194708221
-2.22 -1.99290912596519
-2.2 -2.20498054003158
-2.18 -2.46741913145401
-2.16 -2.79912392910873
-2.14 -3.22981659240941
-2.12 -3.8090598276699
-2.1 -4.62609832545203
-2.08 -5.85946160694697
-2.06 -7.92577321885542
-2.04 -12.074988497225
-2.02 -24.5570609288668
-2 281808154089552
-1.98 25.4804218131878
-1.96 13.0000824746599
-1.94 8.85376595717784
-1.92 6.79153445670694
-1.9 5.56345483238929
-1.88 4.75293254401296
-1.86 4.18147426219811
-1.84 3.75987914544752
-1.82 3.43863657658445
-1.8 3.18808593392281
-1.78 2.98939902736646
-1.76 2.83007209733463
-1.74 2.70149928454676
-1.72 2.59758698789354
-1.7 2.5139235379967
-1.68 2.44726143923301
-1.66 2.39518371364653
-1.64 2.35588303287554
-1.62 2.32801242010005
-1.6 2.31058287640289
-1.58 2.30289278104472
-1.56 2.30447955851378
-1.54 2.31508758305198
-1.52 2.33464852174363
-1.5 2.36327182095041
-1.48 2.40124412793519
-1.46 2.44903730774052
-1.44 2.50732550583919
-1.42 2.57701253912733
-1.4 2.65927189629813
-1.38 2.75560295173799
-1.36 2.86790887411257
-1.34 2.99860450213353
-1.32 3.15076676188079
-1.3 3.32834703770215
-1.28 3.53647610689193
-1.26 3.78191117155078
-1.24 4.07370761464151
-1.22 4.42425825964273
-1.2 4.85095718806951
-1.18 5.37897370656976
-1.16 6.04610768687489
-1.14 6.9118075077562
-1.12 8.07520683466021
-1.1 9.71480648344932
-1.08 12.1876801424498
-1.06 16.3270928308424
-1.04 24.6329765343396
-1.02 49.6052630763128
-0.999999999999997 -367001817776235
-0.979999999999997 -50.4512351901098
-0.959999999999997 -25.4801616503327
-0.939999999999997 -17.1763059569248
-0.919999999999997 -13.0397461568771
-0.899999999999997 -10.5705641815396
-0.879999999999997 -8.93551318274431
-0.859999999999997 -7.77754212768844
-0.839999999999997 -6.91817762762342
-0.819999999999997 -6.25831856938367
-0.799999999999997 -5.73855468106103
-0.779999999999997 -5.32113026871228
-0.759999999999997 -4.98092689130892
-0.739999999999997 -4.70060875511135
-0.719999999999997 -4.46784961917686
-0.699999999999997 -4.27367001459437
-0.679999999999997 -4.11139921791145
-0.659999999999997 -3.97600496465324
-0.639999999999997 -3.86364817391587
-0.619999999999997 -3.77138012056207
-0.599999999999997 -3.69693260224461
-0.579999999999997 -3.63857059405068
-0.559999999999997 -3.59498811128151
-0.539999999999997 -3.56523487790004
-0.519999999999997 -3.54866575305031
-0.499999999999997 -3.54490773142561
-0.479999999999997 -3.55384130934407
-0.459999999999997 -3.57559446930115
-0.439999999999997 -3.61054872840843
-0.419999999999997 -3.65935780556082
-0.399999999999997 -3.72298065481739
-0.379999999999997 -3.80273207339841
-0.359999999999997 -3.90035606879311
-0.339999999999997 -4.01813003285892
-0.319999999999997 -4.15901212568264
-0.299999999999997 -4.3268511490128
-0.279999999999997 -4.52668941682166
-0.259999999999997 -4.76520807615399
-0.239999999999997 -5.05139744215549
-0.219999999999997 -5.39759507676413
-0.199999999999997 -5.82114862568344
-0.179999999999997 -6.34718897375231
-0.159999999999997 -7.01348491677488
-0.139999999999997 -7.87946055884208
-0.119999999999997 -9.04423165481944
-0.0999999999999967 -10.6862871317943
-0.0799999999999967 -13.1626945538459
-0.0599999999999967 -17.306718400693
-0.0399999999999967 -25.6182955957136
-0.0199999999999967 -50.5973683378404
3.28209681654812E-15 304683269555903
0.0200000000000033 49.4422096284738
0.0400000000000033 24.4609547612116
0.0600000000000033 16.1457273210494
0.0800000000000033 11.9965662580053
0.100000000000003 9.51350760020561
0.120000000000003 7.86325146628404
0.140000000000003 6.68868611565298
0.160000000000003 5.81126910824675
0.180000000000003 5.13182113969625
0.200000000000003 4.59084366700091
0.220000000000003 4.15048153934867
0.240000000000003 3.78550437343856
0.260000000000003 3.47845042011025
0.280000000000003 3.2168516716296
0.300000000000003 2.99156895990203
0.320000000000003 2.79575142121784
0.340000000000003 2.62416323264075
0.360000000000003 2.4727347898575
0.380000000000003 2.33825563558755
0.400000000000003 2.21815952422411
0.420000000000003 2.11037090925159
0.440000000000003 2.01319330866075
0.460000000000003 1.92522680189038
0.480000000000003 1.8453061607523
0.500000000000003 1.77245383609821
0.520000000000003 1.70584379998161
0.540000000000003 1.64477342839
0.560000000000003 1.58864141394054
0.580000000000004 1.53693025262904
0.600000000000004 1.48919223700414
0.620000000000004 1.44503816369001
0.640000000000004 1.40412816122914
0.660000000000004 1.36616418824939
0.680000000000004 1.33088385786277
0.700000000000004 1.29805532287234
0.720000000000004 1.26747301536346
0.740000000000004 1.23895407890219
0.760000000000004 1.21233536563485
0.780000000000004 1.18747089679016
0.800000000000004 1.16422970539457
0.820000000000004 1.1424939958625
0.840000000000004 1.12215756757536
0.860000000000004 1.1031244594103
0.880000000000004 1.08530778000998
0.900000000000004 1.0686286948498
0.920000000000004 1.05301554619746
0.940000000000004 1.03840308613255
0.960000000000004 1.02473180610341
0.980000000000004 1.01194734919915
1 0.9999999890649
1.02 0.988844192569636
1.04 0.978438190448544
1.06 0.968743639263016
1.08 0.959725300640465
1.1 0.951350760020599
1.12 0.943590175954114
1.14 0.936416056191437
1.16 0.929803057319498
1.18 0.923727805145339
1.2 0.918168733400196
1.22 0.913105938656721
1.24 0.908521049625267
1.26 0.904397109228683
1.28 0.900718468056299
1.3 0.897470687970616
1.32 0.894640454789716
1.34 0.892215499097862
1.36 0.890184524348708
1.38 0.888537141523277
1.4 0.887263809689649
1.42 0.886355781885673
1.44 0.885805055810739
1.46 0.88560432886958
1.48 0.885746957161109
1.5 0.886226918049111
1.52 0.887038775990441
1.54 0.888177651330605
1.56 0.889639191806709
1.58 0.891419546524846
1.6 0.893515342202487
1.62 0.895923661487808
1.64 0.898642023186653
1.66 0.901668364244602
1.68 0.905001023346684
1.7 0.908638726010643
1.72 0.912580571061698
1.74 0.916826018387631
1.76 0.921374877882498
1.78 0.926227299496327
1.8 0.931383764315662
1.82 0.936845076607249
1.84 0.942612356763303
1.86 0.948687035092866
1.88 0.955070846408789
1.9 0.96176582536483
1.92 0.968774302501668
1.94 0.976098900964602
1.96 0.983742533859278
1.98 0.991708402215167
2 0.999999989064902
2.02 1.00862107642103
2.04 1.01757571806649
2.06 1.0268682576188
2.08 1.03650332469171
2.1 1.04648583602266
2.12 1.05682099706861
2.14 1.06751430405824
2.16 1.07857154649062
2.18 1.08999881007151
2.2 1.10180248008024
2.22 1.1139892451612
2.24 1.12656610153533
2.26 1.13954035762814
2.28 1.15291963911206
2.3 1.1667118943618
2.32 1.18092540032243
2.34 1.19556876879114
2.36 1.21065095311426
2.38 1.22618125530213
2.4 1.24216933356551
2.42 1.25862521027766
2.44 1.27555928036747
2.46 1.29298232014959
2.48 1.31090549659844
2.5 1.32934037707368
2.52 1.34829893950548
2.54 1.36779358304914
2.56 1.38783713921848
2.58 1.40844288350926
2.6 1.42962454752398
2.62 1.45139633161025
2.64000000000001 1.47377291802611
2.66000000000001 1.49676948464604
2.68000000000001 1.52040171922244
2.70000000000001 1.5446858342181
2.72000000000001 1.56963858222612
2.74000000000001 1.59527727199448
2.76000000000001 1.6216197850732
2.78000000000001 1.64868459310347
2.80000000000001 1.67649077576819
2.82000000000001 1.7050580394252
2.84000000000001 1.73440673644448
2.86000000000001 1.76455788527274
2.88000000000001 1.79553319124853
2.90000000000001 1.82735506819318
2.92000000000001 1.86004666080321
2.94000000000001 1.89363186787133
2.96000000000001 1.92813536636419
2.98000000000001 1.96358263638604
3.00000000000001 1.99999997812982
3.02000000000001 2.03741457437049
3.04000000000001 2.07585446485565
3.06000000000001 2.11534861069474
3.08000000000001 2.15592691535875
3.10000000000001 2.19762025564759
3.12000000000001 2.24046051378546
3.14000000000001 2.28448061068465
3.16000000000001 2.32971454041975
3.18000000000001 2.37619740595589
3.20000000000001 2.42396545617654
3.22000000000001 2.47305612425789
3.24000000000001 2.52350806743915
3.26000000000001 2.57536120823961
3.28000000000001 2.62865677717551
3.30000000000001 2.68343735703215
3.32000000000001 2.73974692874804
3.34000000000001 2.79763091897127
3.36000000000001 2.85713624934965
3.38000000000001 2.91831138761908
3.40000000000001 2.98120640055723
3.42000000000001 3.04587300887194
3.44000000000001 3.11236464409662
3.46000000000001 3.180736507568
3.48000000000001 3.25104563156416
3.50000000000001 3.32335094268419
3.52000000000001 3.39771332755383
3.54000000000001 3.47419570094482
3.56000000000001 3.55286307639931
3.58000000000001 3.63378263945389
3.60000000000001 3.71702382356236
3.62000000000001 3.80265838881887
3.64000000000001 3.89076050358895
3.66000000000001 3.98140682915848
3.68000000000001 4.07467660751615
3.70000000000001 4.17065175238888
3.72000000000001 4.26941694365506
3.74000000000001 4.37105972526488
3.76000000000001 4.47567060680203
3.78000000000001 4.58334316882766
3.80000000000001 4.69417417215099
3.82000000000001 4.80826367117907
3.84000000000001 4.92571513150236
3.86000000000001 5.04663555188005
3.88000000000001 5.17113559079578
3.90000000000001 5.29932969776023
3.92000000000001 5.43133624954536
3.94000000000001 5.56727769154175
3.96000000000001 5.70728068443802
3.98000000000001 5.85147625643042
