0.001 6.9071788744548
0.021 3.85147035048904
0.041 3.17187305210312
0.061 2.7646442800493
0.081 2.47174587974411
0.101 2.24233927193603
0.121 2.053506633495
0.141 1.89293280707344
0.161 1.7532281436015
0.181 1.62960637490631
0.201 1.51878786466921
0.221 1.41842584121939
0.241 1.32678223519892
0.261 1.24253318244907
0.281 1.16464653361566
0.301 1.09230157148063
0.321 1.0248346007731
0.341 0.961701006309684
0.361 0.90244813661683
0.381 0.846695504723336
0.401 0.794120056670588
0.421 0.744445025977828
0.441 0.697431374426839
0.461 0.652871130304318
0.481 0.610582140271446
0.501 0.570403889149296
0.521 0.532194136723384
0.541 0.495826186881165
0.561 0.461186651358825
0.581 0.428173604164166
0.601 0.396695047376208
0.621 0.366667627199888
0.641 0.338015552719716
0.661 0.31066968002512
0.681 0.284566732168877
0.701 0.25964863140433
0.721 0.2358619247841
0.741 0.213157287824843
0.761 0.191489093792525
0.781 0.170815038421319
0.801 0.151095811680557
0.821 0.132294809650637
0.841 0.114377880736345
0.861 0.0973131013944437
0.881 0.0810705773264042
0.901 0.0656222667223062
0.921 0.0509418226658534
0.941000000000001 0.0370044522436776
0.961000000000001 0.0237867902635431
0.981000000000001 0.01126678578692
1.001 -0.000576404527334915
1.021 -0.0117624907696812
1.041 -0.0223101601747065
1.061 -0.0322371347595308
1.081 -0.0415602445655896
1.101 -0.0502954902048532
1.121 -0.0584580998903961
1.141 -0.0660625815305278
1.161 -0.0731227703961687
1.181 -0.0796518728100024
1.201 -0.0856625062538494
1.221 -0.0911667362450002
1.241 -0.0961761102925646
1.261 -0.100701689210373
1.281 -0.104754076032732
1.301 -0.108343442752627
1.321 -0.11147955507902
1.341 -0.114171795388938
1.361 -0.116429184032428
1.381 -0.118260399132102
1.401 -0.119673795004981
1.421 -0.120677419321921
1.441 -0.121279029108451
1.461 -0.121486105681172
1.481 -0.121305868604928
1.501 -0.120745288747978
1.521 -0.11981110050539
1.541 -0.118509813254491
1.561 -0.116847722100617
1.581 -0.114830917966061
1.601 -0.112465297070722
1.621 -0.109756569848771
1.641 -0.10671026934175
1.661 -0.103331759105333
1.681 -0.0996262406637494
1.701 -0.095598760543218
1.721 -0.091254216913089
1.741 -0.0865973658612061
1.761 -0.0816328273279276
1.781 -0.0763650907211281
1.801 -0.0707985202332169
1.821 -0.0649373598790745
1.841 -0.0587857382728446
1.861 -0.052347673159963
1.881 -0.045627075719555
1.901 -0.0386277546514833
1.921 -0.0313534200609759
1.941 -0.0238076871530788
1.961 -0.0159940797483005
1.981 -0.00791603362985427
2.001 0.000423095805747842
2.021 0.00902004841284743
2.041 0.017871629458125
2.061 0.0269747248723163
2.081 0.0363262940914867
2.101 0.0459233675356898
2.121 0.0557630441996296
2.141 0.0658424893494103
2.161 0.0761589323195856
2.181 0.086709664405223
2.201 0.097492036843997
2.221 0.108503458883568
2.241 0.119741395929911
2.261 0.13120336777241
2.281 0.142886946881874
2.301 0.154789756777739
2.321 0.166909470461168
2.341 0.179243808910604
2.361 0.1917905396369
2.381 0.204547475295055
2.401 0.217512472349891
2.421 0.230683429793043
2.441 0.244058287908935
2.461 0.257635027087389
2.481 0.271411666680734
2.501 0.285386263903348
2.521 0.299556912771766
2.541 0.313921743083493
2.561 0.328478919432676
2.581 0.343226640261274
2.601 0.358163136943857
2.621 0.373286672904768
2.641 0.388595542766204
2.661 0.404088071525826
2.681 0.419762613762729
2.701 0.435617552870509
2.721 0.451651300316317
2.741 0.467862294924847
2.761 0.484249002186145
2.781 0.500809913586397
2.801 0.517543545960601
2.821 0.534448440866397
2.841 0.551523163978096
2.861 0.568766304500155
2.881 0.586176474599338
2.901 0.60375230885481
2.921 0.621492463725449
2.941 0.639395617033793
2.961 0.657460467465908
2.981 0.67568573408656
3.001 0.694070151407344
3.021 0.712612486834335
3.041 0.731311513285842
3.061 0.750166026780638
3.081 0.769174841502985
3.101 0.788336789398554
3.121 0.807650719782175
3.141 0.827115498956956
3.161 0.846730009844333
3.181 0.866493151624715
3.201 0.886403839388326
3.221 0.906461003795859
3.241 0.926663590748701
3.261 0.947010561068243
3.281 0.967500890184124
3.301 0.988133567830968
3.321 1.00890759775347
3.341 1.02982199741938
3.361 1.05087579774028
3.381 1.07206804279978
3.401 1.09339778958901
3.421 1.11486410774897
3.441 1.13646607931976
3.461 1.15820279849631
3.481 1.1800733713904
3.501 1.20207691579883
3.521 1.22421256097755
3.541 1.24647944742152
3.561 1.26887672665007
3.581 1.29140356099776
3.601 1.31405912341037
3.621 1.33684259724604
3.641 1.3597531760812
3.661 1.38279006352138
3.681 1.40595247301655
3.701 1.42923962768099
3.721 1.45265076011743
3.741 1.47618511224549
3.761 1.49984193513416
3.781 1.52362048883823
3.801 1.54752004223857
3.821 1.57153987288626
3.841 1.59567926685015
3.861 1.61993751856813
3.881 1.64431393070174
3.901 1.66880781399408
3.921 1.69341848713105
3.941 1.71814527660565
3.961 1.74298751658536
3.981 1.7679445487825
4.001 1.79301571786558
4.021 1.81820038923887
4.041 1.84349792198107
4.061 1.86890768674391
4.081 1.89442906111752
4.101 1.92006142951687
4.121 1.94580418307082
4.141 1.97165671951347
4.161 1.99761844307781
4.181 2.02368876439172
4.201 2.04986710037605
4.221 2.07615287414491
4.241 2.10254551490811
4.261 2.12904445787542
4.281 2.15564914416308
4.301 2.18235902070202
4.321 2.20917354014807
4.341 2.23609216079399
4.361 2.26311434648324
4.38099999999999 2.29023956652552
4.40099999999999 2.31746729561406
4.42099999999999 2.34479701374442
4.44099999999999 2.37222820613509
4.46099999999999 2.39976036314951
4.48099999999999 2.42739298021969
4.50099999999999 2.45512555777134
4.52099999999999 2.48295760115046
4.54099999999999 2.51088862055127
4.56099999999999 2.53891813094569
4.58099999999999 2.56704565201404
4.60099999999999 2.59527070807709
4.62099999999999 2.62359282802952
4.64099999999999 2.65201154527448
4.66099999999999 2.68052639765946
4.68099999999999 2.70913692741342
4.70099999999999 2.73784268108499
4.72099999999999 2.76664320948189
4.74099999999999 2.79553806761148
4.76099999999999 2.82452681462234
4.78099999999999 2.85360901374699
4.80099999999999 2.88278423224566
4.82099999999999 2.91205204135099
4.84099999999999 2.94141201621389
4.86099999999998 2.9708637358502
4.88099999999998 3.00040678308848
4.90099999999998 3.03004074451857
4.92099999999998 3.05976521044122
4.94099999999998 3.0895797748185
4.96099999999998 3.11948403522512
4.98099999999998 3.14947759280065
5.00099999999998 3.17956004774064
5.02099999999998 3.20973101715398
5.04099999999998 3.23999010807737
5.06099999999998 3.27033693544804
5.08099999999998 3.30077111754115
5.10099999999998 3.33129227592676
5.12099999999998 3.36190003542746
5.14099999999998 3.39259402407687
5.16099999999998 3.42337387307858
5.18099999999998 3.45423921676612
5.20099999999998 3.48518969256326
5.22099999999998 3.51622494094524
5.24099999999998 3.54734460540053
5.26099999999998 3.57854833239316
5.28099999999998 3.60983577132585
5.30099999999998 3.64120657450358
5.32099999999997 3.67266039709783
5.34099999999997 3.70419689711141
5.36099999999997 3.73581573534383
5.38099999999997 3.76751657535725
5.40099999999997 3.79929908344298
5.42099999999997 3.83116292858849
5.44099999999997 3.86310778244502
5.46099999999997 3.8951333192956
5.48099999999997 3.92723921602365
5.50099999999997 3.9594251520821
5.52099999999997 3.99169080946289
5.54099999999997 4.02403587266705
5.56099999999997 4.05646002867522
5.58099999999997 4.0889629669186
5.60099999999997 4.12154437925039
5.62099999999997 4.15420395991762
5.64099999999997 4.18694140553348
5.66099999999997 4.21975641505003
5.68099999999997 4.25264868973131
5.70099999999997 4.28561793312694
5.72099999999997 4.31866385104601
5.74099999999997 4.35178615153143
5.76099999999997 4.38498454483469
5.78099999999997 4.41825874339092
5.80099999999996 4.45160846179443
5.82099999999996 4.48503341677445
5.84099999999996 4.51853332717141
5.86099999999996 4.55210791391348
5.88099999999996 4.58575689999345
5.90099999999996 4.61948001044594
5.92099999999996 4.65327697232502
5.94099999999996 4.68714751468207
5.96099999999996 4.72109136854399
5.98099999999996 4.75510826689175
6.00099999999996 4.78919794017737
6.02099999999996 4.8233601342065
6.04099999999996 4.85759458317782
6.06099999999996 4.89190102767994
6.08099999999996 4.92627921015271
6.10099999999996 4.9607288748675
6.12099999999996 4.99524976790784
6.14099999999996 5.02984163715019
6.16099999999996 5.06450423224513
6.18099999999996 5.09923730459873
6.20099999999996 5.13404060735415
6.22099999999996 5.16891389537362
6.24099999999996 5.20385692522051
6.26099999999995 5.23886945514179
6.28099999999995 5.27395124505061
6.30099999999995 5.30910205650921
6.32099999999995 5.34432165271202
6.34099999999995 5.379609798469
6.36099999999995 5.41496626018919
6.38099999999995 5.45039080586449
6.40099999999995 5.48588320505369
6.42099999999995 5.52144322886665
6.44099999999995 5.55707064994876
6.46099999999995 5.59276524246557
6.48099999999995 5.62852678208759
6.50099999999995 5.66435504597538
6.52099999999995 5.70024981276475
6.54099999999995 5.73621086255222
6.56099999999995 5.77223797688061
6.58099999999995 5.80833093872486
6.60099999999995 5.84448953247804
6.62099999999995 5.88071354393751
6.64099999999995 5.91700276029128
6.66099999999995 5.95335697010451
6.68099999999995 5.98977596330626
6.70099999999995 6.02625953117635
6.72099999999995 6.06280746633235
6.74099999999994 6.09941956271688
6.76099999999994 6.13609561558489
6.78099999999994 6.17283542149122
6.80099999999994 6.20963877827831
6.82099999999994 6.246505485064
6.84099999999994 6.28343534222954
6.86099999999994 6.32042815140773
6.88099999999994 6.35748371547122
6.90099999999994 6.39460183852092
6.92099999999994 6.43178232587462
6.94099999999994 6.46902498405562
6.96099999999994 6.50632962078173
6.98099999999994 6.54369604495413
7.00099999999994 6.5811240621847
7.02099999999994 6.61861349268877
7.04099999999994 6.65616414433438
7.06099999999994 6.69377583064904
7.08099999999994 6.73144836629063
7.10099999999994 6.76918156703717
7.12099999999994 6.80697524977672
7.14099999999994 6.84482923249741
7.16099999999994 6.88274333427752
7.18099999999994 6.92071737527582
7.20099999999993 6.95875117672184
7.22099999999993 6.99684456090646
7.24099999999993 7.03499735117237
7.26099999999993 7.07320937190491
7.28099999999993 7.11148044852281
7.30099999999993 7.14981040746908
7.32099999999993 7.18819907620214
7.34099999999993 7.22664628318685
7.36099999999993 7.26515185788581
7.38099999999993 7.30371563075065
7.40099999999993 7.3423374332135
7.42099999999993 7.38101709767852
7.44099999999993 7.41975445751347
7.46099999999993 7.45854934704155
7.48099999999993 7.49740160153312
7.50099999999993 7.53631105719766
7.52099999999993 7.57527755117577
7.54099999999993 7.61430092153124
7.56099999999993 7.65338100724329
7.58099999999993 7.69251764819879
7.60099999999993 7.73171068518462
7.62099999999993 7.77095995988017
7.64099999999993 7.81026531484981
7.66099999999992 7.8496265935355
7.68099999999992 7.88904364024955
7.70099999999992 7.92851630016732
7.72099999999992 7.96804441932013
7.74099999999992 8.00762784458813
7.76099999999992 8.04726642369337
7.78099999999992 8.08696000519287
7.80099999999992 8.12670843847176
7.82099999999992 8.16651157373653
7.84099999999992 8.20636926200835
7.86099999999992 8.24628135511644
7.88099999999992 8.28624770569151
7.90099999999992 8.32626816715934
7.92099999999992 8.36634259373429
7.94099999999992 8.40647084041302
7.96099999999992 8.44665276296821
7.98099999999992 8.48688821794234
8.00099999999992 8.52717705817971
8.02099999999992 8.56751915072383
8.04099999999992 8.60791434987133
8.06099999999992 8.6483625151832
8.08099999999992 8.68886350696022
8.10099999999992 8.72941718623708
8.12099999999992 8.77002341477666
8.14099999999991 8.81068205506433
8.16099999999991 8.85139297030227
8.18099999999991 8.89215602440395
8.20099999999991 8.93297108198852
8.22099999999991 8.97383800837545
8.24099999999991 9.014756669579
8.26099999999991 9.05572693230297
8.28099999999991 9.09674866393532
8.30099999999991 9.13782173254298
8.32099999999991 9.17894600686659
8.34099999999991 9.22012135631544
8.36099999999991 9.26134765096232
8.38099999999991 9.30262476153851
8.40099999999991 9.34395255942878
8.42099999999991 9.38533091666645
8.44099999999991 9.42675970592854
8.46099999999991 9.46823880053087
8.48099999999991 9.50976807442334
8.50099999999991 9.55134740218511
8.52099999999991 9.59297665901998
8.54099999999991 9.6346557207517
8.56099999999991 9.67638446381937
8.58099999999991 9.7181627652729
8.6009999999999 9.75999050276847
8.6209999999999 9.8018675545641
8.6409999999999 9.84379379951518
8.6609999999999 9.88576911707013
8.6809999999999 9.92779338726604
8.7009999999999 9.96986649072439
8.7209999999999 10.0119883086468
8.7409999999999 10.0541587228107
8.7609999999999 10.0963776155653
8.7809999999999 10.1386448698276
8.8009999999999 10.1809603690779
8.8209999999999 10.2233239973559
8.8409999999999 10.2657356392571
8.8609999999999 10.308195179928
8.8809999999999 10.350702505063
8.9009999999999 10.3932575008999
8.9209999999999 10.4358600542164
8.9409999999999 10.478510052326
8.9609999999999 10.5212073830746
8.9809999999999 10.5639519348362
9.0009999999999 10.6067435920476
9.0209999999999 10.6495822531086
9.0409999999999 10.6924678034373
9.0609999999999 10.7354001334846
9.08099999999989 10.7783791342115
9.10099999999989 10.8214046970854
9.12099999999989 10.8644767140769
9.14099999999989 10.9075950776561
9.16099999999989 10.9507596807893
9.18099999999989 10.9939704169354
9.20099999999989 11.0372271800427
9.22099999999989 11.0805298645454
9.24099999999989 11.1238783653602
9.26099999999989 11.1672725778833
9.28099999999989 11.2107123979868
9.30099999999989 11.2541977220158
9.32099999999989 11.2977284467848
9.34099999999989 11.3413044695749
9.36099999999989 11.3849256881302
9.38099999999989 11.4285920006552
9.40099999999989 11.4723033058114
9.42099999999989 11.5160595027143
9.44099999999989 11.5598604909301
9.46099999999989 11.6037061704732
9.48099999999989 11.6475964418028
9.50099999999989 11.6915312058203
9.52099999999989 11.7355103638657
9.54099999999988 11.7795338177157
9.56099999999988 11.8236014695797
9.58099999999988 11.8677132220978
9.60099999999988 11.9118689783378
9.62099999999988 11.9560686417918
9.64099999999988 12.0003121163744
9.66099999999988 12.044599306419
9.68099999999988 12.0889301166757
9.70099999999988 12.1333044523082
9.72099999999988 12.1777222188915
9.74099999999988 12.2221833224089
9.76099999999988 12.2666876692495
9.78099999999988 12.3112351662054
9.80099999999988 12.3558257204695
9.82099999999988 12.4004592396325
9.84099999999988 12.4451356316807
9.86099999999988 12.4898548049931
9.88099999999988 12.5346166683393
9.90099999999988 12.5794211308766
9.92099999999988 12.624268102148
9.94099999999988 12.6691574920792
9.96099999999988 12.7140892109766
9.98099999999988 12.7590631695249
