0 0.466203685 0.43236573 -0.93240737 -0.86473146 0.466203685 0.43236573 -0.97000436 0.24308753 0 0 0.97000436 -0.24308753 
0.0125 0.490422356168826 0.426166576565143 -0.932346634664528 -0.864489227199233 0.441924278495703 0.43832265063409 -0.96402538059561 0.248453611923875 -0.0116548391339726 -0.0108081340054601 0.975680219729583 -0.237645477918415 
0.0375 0.538650592452447 0.413021271386611 -0.931858380829486 -0.862551435825222 0.39320778837704 0.44953016443861 -0.951161348487716 0.258945563817978 -0.0349584277875193 -0.0324001805171769 0.986119776275236 -0.226545383300801 
0.0725245919851854 0.60565175338991 0.392865362171491 -0.930326649353629 -0.856579305737298 0.324674895963719 0.463713943565807 -0.931119852285179 0.273064543425576 -0.067572525456607 -0.0625172019608729 0.998692377741786 -0.210547341464703 
0.110455751992572 0.677272968563221 0.368639455510154 -0.927467130097643 -0.845832258608126 0.250194161534422 0.477192803097972 -0.906784964285407 0.287514989362963 -0.10281081511652 -0.0948184697847659 1.00959577940193 -0.192696519578198 
0.148514230760843 0.747885142728944 0.341715810161124 -0.923185339818999 -0.830598027812213 0.175300197090055 0.488882217651088 -0.879660845114472 0.301040976907017 -0.138032130735302 -0.126733745405523 1.01769297584977 -0.174307231501493 
0.185737116280364 0.815433776113108 0.312766582433519 -0.917413785040247 -0.811427285769752 0.101980008927139 0.498660703336233 -0.850560083085464 0.313229949693271 -0.172293577312046 -0.157307201490261 1.02285366039751 -0.15592274820301 
0.221856914012995 0.879234576794004 0.282164367207987 -0.910066079229605 -0.788856809541807 0.0308315024356008 0.50669244233382 -0.819948879084994 0.32398178991613 -0.205303264784008 -0.186219777790403 1.025252143869 -0.137762012125727 
0.256891025193867 0.939161352986076 0.250132379586207 -0.901029895068395 -0.763334385373816 -0.0381314579176804 0.51320200578761 -0.788089855261972 0.333312740834128 -0.237034222842308 -0.21341982682423 1.02512407810428 -0.119892914009898 
0.290970367662369 0.995306888682378 0.216817910315511 -0.890171373623317 -0.73521754443668 -0.105135515059061 0.518399634121168 -0.755120723031524 0.341275308406084 -0.267561871283208 -0.238963616099792 1.02268259431473 -0.102311692306293 
0.324262653819097 1.0478337597701 0.182334900381466 -0.877343085584684 -0.704795088027274 -0.170490674185415 0.522460187645808 -0.721103583830265 0.347924763652072 -0.296990592920967 -0.262942071756603 1.01809417675123 -0.0849826918954686 
0.356938794555366 1.09691251606402 0.146788836290381 -0.862392699326857 -0.672310227327091 -0.234519816737161 0.525521391036709 -0.686055587418124 0.353306330881916 -0.325421167831485 -0.285448054480412 1.01147675524961 -0.0678582764015034 
0.389159540668432 1.14270080046306 0.110290200947282 -0.845171189322858 -0.637978320213968 -0.297529611140205 0.527688119266686 -0.649967394937653 0.357451516585121 -0.352937496103117 -0.306563047915609 1.00290489104077 -0.050888468669512 
0.421071711514148 1.18534109229226 0.0729599971460397 -0.825539742986655 -0.601997734419689 -0.359801349305605 0.529037737273649 -0.612813620253434 0.36037825001687 -0.379602479594562 -0.326353046677797 0.992416099847997 -0.0340252033390736 
0.452809134710438 1.22496611683992 0.0349294735116428 -0.803374428259722 -0.564554222732786 -0.421591688580199 0.529624749221143 -0.574557714670399 0.362092332431067 -0.405458311805834 -0.34486869052078 0.980016026476234 -0.0172236419102869 
0.484495847300525 1.26170604425163 -0.00366405451964921 -0.778567855506603 -0.525820164965938 -0.483138188745025 0.529484219485586 -0.535153006891286 0.362588945660074 -0.430528679456875 -0.362147031145634 0.965681686348162 -0.000441914514439839 
0.516249927308099 1.29569404229353 -0.0426829955074423 -0.751027779013984 -0.485950887158759 -0.544666263279543 0.528633882666201 -0.494541602676279 0.361853618924561 -0.454821198545861 -0.378213346603277 0.949362801222141 0.016359727678715 
0.548186643944767 1.32706848496505 -0.081994360032321 -0.720673595719255 -0.445080705817825 -0.606394889245798 0.527075065850146 -0.452652989663455 0.359862533258069 -0.478328849753202 -0.393082067220683 0.930981839416657 0.0332195339626135 
0.580419975789337 1.35597169493389 -0.121471640617536 -0.687432495054548 -0.403321002872362 -0.668539199879346 0.524792643489898 -0.409404022142674 0.356582441466675 -0.501029710761921 -0.406756490722005 0.910433732904596 0.0501740492553302 
0.613061967708431 1.38254624063253 -0.160992544108142 -0.651237286705756 -0.360761711456298 -0.73130895392677 0.52175425556444 -0.364701500691319 0.351970750207983 -0.522884878053457 -0.419227492284607 0.887586378744776 0.0672567420766241 
0.646219596161744 1.40693018723756 -0.200432225698607 -0.612027892982959 -0.317476753847645 -0.794902294254598 0.517908979546252 -0.318448254880526 0.345976464555231 -0.543834890436574 -0.430471735895343 0.862283145317101 0.0844952713401113 
0.679988446503489 1.42925234004404 -0.239651728236292 -0.569758804288653 -0.273533927020228 -0.85949353575539 0.51318565525652 -0.270554078892028 0.3385428973362 -0.563795055944061 -0.440449955984018 0.83434913483609 0.101907058647817 
0.714441154208865 1.44962768182774 -0.27848024048947 -0.524416492593602 -0.229011081689132 -0.925211189234139 0.507491322178602 -0.22095480908628 0.329613630269426 -0.582649850950143 -0.449105856011197 0.803604660036424 0.119492225741771 
0.74960532560301 1.46815204590504 -0.316687081981242 -0.476055666852858 -0.184024142219272 -0.99209637905218 0.500711224200513 -0.169647741569811 0.319144823862283 -0.600246097506052 -0.456366348946307 0.769893839075864 0.137221525084023 
0.785418568884974 1.48489347677288 -0.353934266106188 -0.424874851711165 -0.138780570466033 -1.06001862506172 0.49271483657222 -0.116762593421851 0.307130915270674 -0.616384208195731 -0.462144823962053 0.733146801617583 0.155013908691379 
0.821635741768683 1.49987614320787 -0.389694667142599 -0.371373333278437 -0.0936854340930403 -1.12850280992944 0.483380101235638 -0.0627070401463161 0.293658679303472 -0.630808113273103 -0.46635235889392 0.69351515341942 0.172693679590448 
0.85766146561038 1.51305675516191 -0.423134739610121 -0.316638578464413 -0.0495262117880745 -1.1964181766975 0.472660951398195 -0.00843062699397183 0.279010455460075 -0.643205420675672 -0.4689298674733 0.651636047669644 0.189919412013224 
0.889612163799022 1.52347209623612 -0.450773556831977 -0.266999568563808 -0.0109570994930895 -1.25647252767231 0.461730656325066 0.0400819958187377 0.26504400003469 -0.652531796695042 -0.469894606647037 0.612449800876305 0.204850606612346 
0.917843670420062 1.531782535259 -0.473365587637556 -0.222397821347789 0.0226585761517301 -1.30938471391121 0.450707011485825 0.0832110985530905 0.25199467167348 -0.659441533827248 -0.46972841019663 0.576230435274158 0.21773373852315 
0.942287486569472 1.53835546832515 -0.491283976570262 -0.18329263677019 0.0514195732966473 -1.35506283155496 0.439864403273614 0.120735191254265 0.240201385687897 -0.66440070519079 -0.468822388585572 0.543665513936526 0.228621002897675 
0.963252429029649 1.54354665150353 -0.50517858651669 -0.149438656178884 0.0758397768264915 -1.39410799532465 0.429338809690197 0.153041871098847 0.229753344628938 -0.66788902537887 -0.467488002327343 0.514847154280023 0.237734657698405 
0.981195463083752 1.54764318890727 -0.515731231310727 -0.120262384366889 0.0965645819495567 -1.42738080454038 0.41916664936117 0.180775045210119 0.220592158618362 -0.670308913867229 -0.465941035591108 0.489533868657111 0.245348876972745 
0.99658222184062 1.5508525758003 -0.523541731999647 -0.0951119860119519 0.114212471245605 -1.45574058978835 0.409329260754042 0.204613358666642 0.212594980308028 -0.671966015903781 -0.464319303063859 0.467352657237139 0.251724322755831 
1.00983957275692 1.55331422584403 -0.529105609585742 -0.0733565157143751 0.129329245892768 -1.47995771012966 0.399776363692973 0.225190246133984 0.205615973732681 -0.673082821322475 -0.46270485483708 0.447892575188491 0.257088881104399 
1.02134662614009 1.55511274535338 -0.53282225050367 -0.0544161748560801 0.142385947261858 -1.5006965704973 0.390436303241811 0.243075037088111 0.199505024878675 -0.673818012846265 -0.461141477917979 0.430742975758155 0.261636453039304 
1.03143908487385 1.55628672856121 -0.535009265597021 -0.0377652818772421 0.153790052535775 -1.51852144668397 0.381219213061245 0.258776269370212 0.194115559219751 -0.674283210469407 -0.459646869188818 0.415506941099196 0.265531309969066 
1.04041802686226 1.55683171957147 -0.535915810949964 -0.0229242011078239 0.163899846510548 -1.53390751846364 0.372015964439415 0.272752962537305 0.189306866243971 -0.674555692284901 -0.45822058460347 0.401802729747596 0.268913718359498 
1.04856001197971 1.55669675725897 -0.535733655323537 -0.00944665935970405 0.173038847638766 -1.54725009789927 0.36269480768477 0.285428611168536 0.184943494005991 -0.67468748588866 -0.456848891642457 0.389258874720125 0.271905397636466 
1.05612589163227 1.5557743461173 -0.534607915108727 0.00309232352171554 0.181507728951438 -1.55886666963902 0.353100186157288 0.297203479770814 0.180893857349241 -0.674711532573705 -0.455507649256335 0.377508052802891 0.274613791907094 
1.06359131202205 1.5538093906053 -0.532578999465481 0.0154774155245022 0.189842710332324 -1.5692868061298 0.342736289133156 0.308811405513713 0.176909808772407 -0.674642224412151 -0.454121492652949 0.365830818898439 0.277211683880541 
1.07082583015913 1.55061837126084 -0.529851261947269 0.0274898976947184 0.197900235265814 -1.57810826895556 0.331951026681454 0.320041763563783 0.173066330159957 -0.674486806273121 -0.452718914508972 0.354445042709339 0.279652584349014 
1.07794262489434 1.54605405856693 -0.526666159576221 0.0393155557332041 0.205808414886464 -1.58536961430013 0.320857744689756 0.331061821123566 0.169306610649937 -0.674249090605178 -0.451282348188437 0.343187269481613 0.281975737538499 
1.08502371090769 1.54008148142126 -0.52329065436533 0.0510890526969876 0.213659616672067 -1.59117053411825 0.309631037693261 0.341989236693048 0.16558915534998 -0.673929013033993 -0.449797193600684 0.331939776340945 0.284208038250704 
1.09211820618516 1.53279068626973 -0.519958946407596 0.0628907027138265 0.221509036251542 -1.59568138898356 0.298449910156054 0.352890191866041 0.161888581272742 -0.673524701696654 -0.44825353297492 0.320634509830613 0.286364951702178 
1.09934559193833 1.52423485163031 -0.516790708468403 0.074918093466364 0.229489035626787 -1.59915294509667 0.287301672841615 0.363937958029151 0.158142257917135 -0.673026705471168 -0.446623754673284 0.309088747442018 0.288481496756149 
1.10688821196285 1.51434189619835 -0.513815904993633 0.0874736438163687 0.237800148567009 -1.60181554001471 0.276015756426622 0.375397916579774 0.154255746138567 -0.672414277711294 -0.444861451670132 0.29701636113152 0.290605705531565 
1.11494337185845 1.50294211128419 -0.511032930034529 0.100884683532426 0.246657806606644 -1.60382679481662 0.264375123427883 0.387550771788595 0.150128354178288 -0.671655650505042 -0.442910246220956 0.284104878716447 0.292781892042668 
1.12370515711904 1.48980512361008 -0.508436979910345 0.115472768779945 0.256272250055775 -1.60527789239002 0.252164729854569 0.400662160418392 0.145662475498725 -0.670707811386094 -0.440706948692468 0.270045650967703 0.295044473193742 
1.13336671762132 1.47465496898779 -0.506026780469857 0.131556893528495 0.266851059336527 -1.60621186251629 0.239175721133329 0.414983298792598 0.140762174699313 -0.669514462486811 -0.438179836191918 0.254531163694213 0.297417661492604 
1.14412793266863 1.45717117974588 -0.503803885874246 0.149465399326598 0.278607564436657 -1.60663657907248 0.225196321437588 0.430758800791475 0.13532906465432 -0.668002384161156 -0.435244913489147 0.237243583369682 0.299915848834827 
1.15620306881468 1.43698382933879 -0.501770174209295 0.169547428875003 0.291769235777114 -1.60653125821379 0.21000093843218 0.448232981519107 0.129258276185189 -0.666076305881281 -0.431801194037569 0.217843324362174 0.30254291785238 
1.16982758457416 1.41366588650951 -0.499924881495906 0.192182227623851 0.306585220990716 -1.60584811413336 0.193339660505189 0.467652906669385 0.122434941589522 -0.663612076946946 -0.42772501009379 0.195959170277562 0.305290068504268 
1.18526429432239 1.38672408140266 -0.49826123404706 0.217786198620571 0.323333408082242 -1.60451028002323 0.174927825964818 0.489267932832973 0.114731085252209 -0.660447731286591 -0.422863025923619 0.17117979845362 0.308131940671409 
1.20280884437581 1.35558933639482 -0.496762431823919 0.246816917684826 0.342327199118336 -1.60240625407964 0.154435232705582 0.51332496248894 0.10600297243505 -0.656371984909749 -0.417023610154014 0.14304702242081 0.311020637718963 
1.22279313125091 1.31960986619145 -0.495396671342013 0.279770691431328 0.363920888926992 -1.59938055762278 0.13147578241502 0.540056744816494 0.0960896635135591 -0.651110022975026 -0.409966615167625 0.111053278158533 0.313876951654065 
1.24558114789603 1.27805767626675 -0.494110969431712 0.317162787006337 0.388508293461547 -1.59522046327309 0.105602675970165 0.569655537245754 0.0848156185532236 -0.644308146571593 -0.401393375881994 0.0746526093258401 0.31657775732877 
1.27153854971001 1.23018434797161 -0.492824141559382 0.359457396201439 0.416495311213355 -1.58964174417305 0.0763288303460267 0.602210382088205 0.0720067384153898 -0.635525741742934 -0.390945457662327 0.0333153596547309 0.318938719246936 
1.30091926144866 1.17543554843665 -0.491422064487541 0.406854914279647 0.448185981976639 -1.5822904627163 0.0432360825109011 0.637551116987094 0.0575477851951188 -0.624266982800586 -0.378243061232716 -0.0132841341865081 0.320695276037597 
1.33355071352217 1.11405718104622 -0.489767361326883 0.458760483455798 0.483451875860433 -1.57281766450202 0.00631548546645046 0.674907347064298 0.0415385174915501 -0.610141511960568 -0.36304297929281 -0.0647658351037293 0.32150446180126 
1.36835742051397 1.04803635317695 -0.487744646565568 0.513056754461255 0.521214027535002 -1.5610931076382 -0.0334693809694343 0.712536543118126 0.0245256053934524 -0.593225077389052 -0.345558943143498 -0.119311465729073 0.321033337750045 
1.40349451989581 0.980902173038607 -0.485319577216033 0.566460823775615 0.559552872505362 -1.54736299681422 -0.0742332952893303 0.748183380386796 0.00742903284857412 -0.574254903696375 -0.326572152257693 -0.17392847669042 0.319143119409118 
1.43534033073226 0.919692950135251 -0.48271611218655 0.613335706466072 0.594534358136653 -1.53302865660132 -0.111818245950104 0.778447237496039 -0.00798599873710146 -0.555464829474145 -0.308196349951711 -0.222982408021893 0.316182348688812 
1.46499282878211 0.862427034513799 -0.47989764156443 0.655370419367489 0.627322989160187 -1.51779745388129 -0.147425347595758 0.804870007645881 -0.0222589319984246 -0.536650438429262 -0.290081293085696 -0.268219569216618 0.31234022508412 
1.49270573425016 0.808695705590649 -0.476886682924996 0.692947872138231 0.658141443140686 -1.50164357772888 -0.181254760215691 0.828026290456673 -0.0355174395801975 -0.517963350281125 -0.272269656424241 -0.310062940175547 0.307787096004438 
1.52006228350643 0.755476135656948 -0.473530010521469 0.728096169679534 0.688676771296581 -1.48357230533648 -0.215146760775112 0.84942185058576 -0.0485183977161185 -0.498521109680648 -0.253847660860394 -0.350900740905111 0.302366058576512 
1.54464984032326 0.707506996414025 -0.470166317885081 0.757732254560376 0.716128713496783 -1.4652392509744 -0.245962395611703 0.867407693837035 -0.060120683086898 -0.480250552128408 -0.236577180056477 -0.387157141708626 0.296697863143374 
1.56890167207407 0.660079553585706 -0.466508658416799 0.78484798739206 0.743076095499581 -1.44492754097777 -0.276567437082783 0.883991150613458 -0.0714794249896233 -0.461540796522251 -0.218882543391723 -0.422450354091206 0.290361968381346 
1.59221144412194 0.614399920056793 -0.462658601266092 0.808646243705202 0.76866731449178 -1.42304616376199 -0.306008713225688 0.898845234638782 -0.0823094165860359 -0.442964218259774 -0.201262527818811 -0.455881016379007 0.283571944404846 
1.6145988515993 0.570451039469288 -0.458637353233174 0.82916718332709 0.792722513986778 -1.39961822279638 -0.334085160753605 0.91210823767085 -0.0926227365601901 -0.424626539058183 -0.183783573343176 -0.487481698612666 0.276406309903365 
1.63625743999513 0.52787094043292 -0.454431640799142 0.846654731911771 0.815227961916733 -1.37452567234469 -0.360796321117591 0.924002392123069 -0.102511202488137 -0.406474233145143 -0.166368960356209 -0.517528158977925 0.268880162844346 
1.65741097702634 0.486234164932773 -0.450011741928908 0.861376288422743 0.836174310018074 -1.34761045335552 -0.386162568089166 0.934728426240011 -0.1120778473475 -0.388404616245373 -0.148900368462121 -0.546323809994637 0.26097821580962 
1.67826204869029 0.445153964451251 -0.44534066559837 0.873580397673117 0.855504759658919 -1.31873436212437 -0.410164094060549 0.944438706063364 -0.121412930489312 -0.370312804651207 -0.13126115608245 -0.574125901412156 0.252674086571761 
1.69896794966475 0.404331106866875 -0.440381101854594 0.883498327989129 0.87310564184155 -1.287829434856 -0.432724539986957 0.953233424453961 -0.130583328102503 -0.352118170067175 -0.113361944960597 -0.601115254386784 0.243945273063098 
1.71963571486114 0.363564819048565 -0.435099623342602 0.891361926574241 0.888828459888417 -1.25492674562281 -0.453728836545816 0.961168794449536 -0.139631024761707 -0.333773634716609 -0.0951509482203974 -0.627395159732926 0.234781972982103 
1.74034266338169 0.322713079352292 -0.429464446588413 0.897420522350958 0.902535109954592 -1.22013360170325 -0.47307066336618 0.968274159978385 -0.148582872165048 -0.315250590105897 -0.0766004408934451 -0.653023569872486 0.225183313058493 
1.76117317004466 0.28162059685207 -0.423436557524894 0.901940387472476 0.914136861927999 -1.18356098432455 -0.490700304403105 0.974568433023131 -0.157466689300302 -0.29650728335246 -0.0576754658575562 -0.67806114967067 0.215142155157858 
1.78224547929738 0.240066439065443 -0.416960194781916 0.905185241064879 0.923598229095143 -1.14525168013032 -0.506638034313227 0.980064970039192 -0.166321919931526 -0.277465022151113 -0.0383087804826163 -0.702599947888078 0.204630700414141 
1.80371481204861 0.197758754582386 -0.409958066134944 0.907393245961431 0.930909683204461 -1.10515200054382 -0.520951617069517 0.984764811610624 -0.175199352938936 -0.258005842839774 -0.0183971003364434 -0.726758968770849 0.193596453275379 
1.82576144724136 0.154359566371312 -0.402330970217666 0.908763825223624 0.936053899780134 -1.06312339159494 -0.533722929562468 0.988646222952476 -0.184154298665526 -0.237984308969527 0.00218733996147841 -0.750661913982948 0.181966958704047 
1.84857719047114 0.109513152900022 -0.393958765675492 0.909455411662769 0.938981779646394 -1.01896856456279 -0.545023013970903 0.991656302112432 -0.19323920968641 -0.217241082830695 0.023582009227501 -0.774415219281737 0.169657200458908 
1.87235622128405 0.0628662111953281 -0.384700667077166 0.90958895701708 0.939600097767114 -0.972455168212408 -0.554899430689948 0.993705599450237 -0.202498184408023 -0.195612507261673 0.045922196053174 -0.798093092188563 0.156575988354848 
1.89729005846054 0.0140804070103201 -0.374394511033824 0.909252530328377 0.937766745107229 -0.923332937338697 -0.563372234073405 0.994664590122574 -0.21196305091717 -0.172936288656402 0.0693322630419042 -0.82172830146617 0.142630787875265 
1.92356427337215 -0.0371578872496553 -0.362855579280793 0.908504609006307 0.933289999419046 -0.871346721756652 -0.570434420138253 0.994361001420345 -0.22164992669201 -0.149055450730555 0.0939180364173999 -0.84530555068979 0.127731890274609 
1.95135450516584 -0.0911257487961426 -0.349876041130425 0.90737525418935 0.925930470389928 -0.816249505393208 -0.576054429259504 0.99257789960708 -0.231555278112249 -0.123822871294176 0.119758125480677 -0.868755028312902 0.111797152631571 
1.98081957630263 -0.148045455759691 -0.335226552185639 0.905865129288072 0.915406465754968 -0.757819673528381 -0.580179913569329 0.989053481521814 -0.241650838857517 -0.0971085056017744 0.146892296366023 -0.891944975920039 0.0947585424914939 
2.01208961627698 -0.208056063645099 -0.31866222655821 0.903942733624345 0.901405337067099 -0.695886669979246 -0.582743110508889 0.983484685652312 -0.251877151500434 -0.0688112787728352 0.175305494449209 -0.914673406879475 0.076571657051224 
2.04524747906259 -0.271172367863533 -0.299935910762941 0.901540678295487 0.883604824348232 -0.630368310431953 -0.583668913585292 0.975538014699664 -0.262136168073801 -0.0388772255414948 0.204907144009834 -0.936660789158168 0.0572290240639657 
2.08030349263995 -0.337233122618108 -0.278821601665586 0.898552526487439 0.861708584983338 -0.561319403869331 -0.582886983317752 0.96487173443854 -0.272284594321108 -0.00732374464075954 0.23550791403824 -0.957547989797779 0.0367766802828677 
2.1171681378572 -0.405850098909265 -0.255148271071702 0.89483250379554 0.835496629523381 -0.488982404886274 -0.580348358451679 0.951172125544263 -0.28213152489216 0.0257344758276898 0.266801031479499 -0.976906601371952 0.0153304934126608 
2.1556343432584 -0.476383070647961 -0.228837798635117 0.890200511921907 0.804881986214111 -0.413817441273945 -0.576044187578994 0.934200337838207 -0.291445322564166 0.0600688709010997 0.298360924026782 -0.994269208739305 -0.00691560146261667 
2.19538510595327 -0.547970969757179 -0.199932595634377 0.884453283593905 0.769952665943522 -0.336482313836726 -0.570020070309145 0.913836266704382 -0.299973025341574 0.095344305702863 0.329672077979749 -1.00918057240724 -0.0296990526381765 
2.23603380718225 -0.619628884516037 -0.168597545241647 0.877379311414063 0.730975521990617 -0.257750426898025 -0.56237797674897 0.890099952095646 -0.307469160710782 0.1311568450029 0.360188256721053 -1.02125679709854 -0.0527190960102721 
2.27718465104671 -0.690379649972577 -0.13509342000314 0.868772847357504 0.688356250219401 -0.178393197384927 -0.553262830216261 0.863139450225725 -0.313723749144808 0.167090027791412 0.389402135954874 -1.03022947801714 -0.0756783868100667 
2.31848743397862 -0.759365969505206 -0.0997356856407527 0.858443250844548 0.642575263241406 -0.0990772813393413 -0.542839577600653 0.833192840315968 -0.318579085192366 0.202765682042469 0.4168977050953 -1.03595852235844 -0.0983186199029349 
2.35966808469247 -0.825908245747044 -0.0628573354072792 0.846219164943505 0.594127939772817 -0.0203109191964599 -0.531270604365538 0.800543483306906 -0.321932271410965 0.237872249084599 0.442371043981556 -1.0384157323915 -0.120438772570592 
2.4005338887365 -0.889509968776102 -0.0247857589398786 0.831949321173964 0.543485829428168 0.0575606476021387 -0.51870007048829 0.765483895199813 -0.323727803903819 0.272169771256751 0.465624106512482 -1.03765366645656 -0.141896302608664 
2.44096308487639 -0.949832793079588 0.014166726907346 0.815502047944858 0.49107947153317 0.134330745134731 -0.505246198440516 0.728293257690633 -0.323946456382215 0.305480542223897 0.486544753009726 -1.03377379991453 -0.162598296627513 
2.48088895481172 -1.00666246231117 0.0537036541644736 0.796764777267113 0.437295687820571 0.209897685044057 -0.490999341985045 0.689226474343349 -0.322594733496455 0.337674737732642 0.505084145511628 -1.02690121207599 -0.182489412015174 
2.52028439465825 -1.05987743478339 0.0935411695536425 0.775644100802348 0.382482030631712 0.284233333981046 -0.476023200185354 0.64851072622478 -0.319696631529998 0.368656525162823 0.521237162607723 -1.0171672513876 -0.201540531077726 
2.55914917716563 -1.10942423795987 0.133403629837021 0.752066544850005 0.326953672267332 0.357357693109865 -0.460357302104352 0.606346252249134 -0.315287913105874 0.398352705572635 0.535027435535784 -1.00469895782177 -0.219739522429911 
2.59750006679206 -1.15529955393035 0.173019343013729 0.725980101035204 0.271000397068299 0.429319452895152 -0.444019740082028 0.562909371494887 -0.309412529613957 0.426704104718533 0.546496710482564 -0.989613476213419 -0.237084180868608 
2.63536320646673 -1.19753766553123 0.212116933208831 0.697356511837789 0.214892769778154 0.500181153693446 -0.427009702986985 0.518356722797566 -0.302120747441519 0.453659285653375 0.555697703413112 -0.97201600845094 -0.253576955971594 
2.67276806802419 -1.23620172495223 0.250422430151941 0.666194306910676 0.158887249904064 0.570007418041554 -0.409309680056004 0.472830266449985 -0.293468625583526 0.479170073659474 0.562689647350289 -0.952000340109457 -0.269221021766764 
2.70974229931831 -1.27137749350088 0.287656999017873 0.632522641778936 0.103230396166512 0.638854851721945 -0.390887395184385 0.426462959844282 -0.283518621320597 0.503188469352127 0.567535925845457 -0.929651429196407 -0.284017304524861 
2.74630678909977 -1.30316840496352 0.323535075476267 0.596406183264294 0.0481626347073645 0.706762221699232 -0.371697710183632 0.379385373721953 -0.272341251567489 0.525664609431733 0.570303404758034 -0.905049983153685 -0.297962153190546 
2.78247011150874 -1.33169096133089 0.357762523631964 0.557951718287196 -0.0060775135596182 0.773739243043691 -0.351685010072346 0.3317339967318 -0.260017941728552 0.546545484227783 0.571063320745988 -0.878279480959581 -0.311045379017436 
2.81822118603229 -1.35706963597898 0.390034394036833 0.51731790987574 -0.0592473333957193 0.839751726103241 -0.330787060641114 0.283662645377653 -0.246645482901466 0.565774185538823 0.569893915475212 -0.849436830916474 -0.323248432573747 
2.85351859731419 -1.37943076382243 0.42003220908407 0.474730590943342 -0.111090115771715 0.904700172879091 -0.308942093312355 0.235359135156932 -0.232342858804349 0.583289659258495 0.566885464270176 -0.818648794415425 -0.334542605465828 
2.88827501802226 -1.39889556915243 0.447422009508186 0.430506490345409 -0.161320192602249 0.968389078807024 -0.286101816905936 0.187069518475614 -0.217261339155221 0.599027494836996 0.562148846246937 -0.786097013312608 -0.344887507091716 
2.92233692074098 -1.41557388467023 0.471857503038486 0.385086096119426 -0.209604193592075 1.03048778855081 -0.262253309446411 0.139129736110759 -0.201597832997755 0.612923493498243 0.555828790026125 -0.752053229608999 -0.35423095702837 
2.95546589203139 -1.42956240589298 0.492997729443557 0.339066768514305 -0.255548100062809 1.09049563737868 -0.237449629380747 0.0919954480101183 -0.18560782449502 0.624923561756754 0.54812084913983 -0.716919009766871 -0.362513024644811 
2.98572276501677 -1.44042432589148 0.50973255733416 0.295568537102988 -0.296549117527913 1.14485578878849 -0.213183439806246 0.048572392275594 -0.170431463318292 0.634528001371392 0.539766075848082 -0.683100393646984 -0.36933461252979 
3.01405399834267 -1.44890857129568 0.522889701278091 0.253670761917839 -0.334056789225895 1.19523780937784 -0.188832912052196 0.00763927524237799 -0.155797629108512 0.642310872863722 0.530831080052701 -0.649950148106097 -0.375033450944189 
3.04041424959459 -1.45526503494534 0.53268516442673 0.213759311548263 -0.36815554627758 1.24150572339708 -0.16452961814915 -0.0306414809064544 -0.141879526119355 0.648473540962673 0.521574109427051 -0.617832060056216 -0.379694583307695 
3.06482861341682 -1.45971436049986 0.539411816212221 0.176065770720524 -0.399032244107261 1.28364858977934 -0.14037957210496 -0.0662281401278882 -0.128787393120602 0.653233567347033 0.512207514293649 -0.587005427219143 -0.383420121173047 
3.08743036248887 -1.46244415155767 0.543411701060433 0.140602416849367 -0.427004159310039 1.32184173470831 -0.116407541750393 -0.099253790051004 -0.116546298061767 0.656813176136608 0.502871465768067 -0.557559386085601 -0.386325167706301 
3.10842120579133 -1.46358935905189 0.545022561274265 0.107221844433864 -0.452452749162907 1.35636751461802 -0.092569812111357 -0.129966291995241 -0.105119018287793 0.659414909953402 0.493640301568962 -0.529448617958159 -0.388521283281169 
3.12803685709118 -1.46322277354212 0.54454718146103 0.0756766896662294 -0.475774098143364 1.3875460838759 -0.0687730833176657 -0.158674439575661 -0.0944294699859267 0.661209274980084 0.484535689766302 -0.50253483540442 -0.390106219780376 
3.14740237471146 -1.46122153357271 0.54208705269059 0.0442323587346889 -0.498365429194619 1.41698917483803 -0.0437216234959701 -0.186994014686719 -0.0839045899807593 0.662370784227112 0.475102641586007 -0.475376769540391 -0.391198051605248 
3.16589166910399 -1.45747661444019 0.537836907852579 0.0139589293047802 -0.519538326196625 1.44351768513541 -0.0182985816559536 -0.213979376027306 -0.073918202777197 0.662909100708092 0.465691888715013 -0.448929724680783 -0.391773685937817 
3.18352870591769 -1.45191050136736 0.532073401460312 -0.0151245747914456 -0.539380299152522 1.46703507615881 0.00730689769221056 -0.239638963927239 -0.0644807831977349 0.662899099730184 0.456353290930385 -0.423260135802942 -0.39187250773265 
3.20052019319281 -1.44440594249605 0.525050562421305 -0.0433129007713999 -0.558174476877469 1.48771884326745 0.033123914456165 -0.264248502223516 -0.0554978045987911 0.662402851343197 0.447028305285619 -0.398154349119678 -0.391530500686828 
3.21709413113011 -1.43481413380752 0.517002673393017 -0.0709505325363279 -0.5762094039212 1.50576466634385 0.0592067305281841 -0.288111747978696 -0.046860877558578 0.661456135450559 0.437627300910311 -0.37334438747186 -0.390766423351733 
3.23343329489905 -1.42300138991656 0.508172503668025 -0.0983174473110608 -0.593708310283396 1.52131883722762 0.0855358066153724 -0.311462158384523 -0.0384846153206462 0.660073439221447 0.428069188534002 -0.348611280836922 -0.389584573213356 
3.24965020114272 -1.40891047325357 0.49882828772965 -0.125582777994904 -0.610808113868291 1.53449325124847 0.111979826138642 -0.33442775666186 -0.0303188247667573 0.658258083603948 0.418302068162843 -0.323830326942086 -0.387983243396086 
3.26581198508065 -1.39258122089814 0.489238855211885 -0.152843146899769 -0.62759155564477 1.54542436779791 0.138352700432885 -0.357069299278522 -0.0223341784063185 0.656008262281572 0.40829435278465 -0.298938963003047 -0.385960174378332 
3.28199998489038 -1.37409203783281 0.479616954945334 -0.180221528683388 -0.644151647140536 1.5543135665162 0.164534692195203 -0.379465498210242 -0.0144923895562954 0.653312527450025 0.39800053104305 -0.27384702923978 -0.383508141486754 
3.29834705448949 -1.35347487239732 0.470085231192043 -0.207930160914116 -0.660628193057435 1.56140503331143 0.190542961865393 -0.401761859650098 -0.00673032874607478 0.650140031038287 0.387335536655681 -0.248378171388187 -0.380605207909606 
3.31503134984129 -1.33067384546135 0.460687006784449 -0.23625993020938 -0.677198206046049 1.56693377567073 0.216511199261601 -0.424155711749896 0.00103377707005165 0.646434592132238 0.376174851769816 -0.222278880382339 -0.377208628839868 
3.33225344165841 -1.30554962213754 0.451415885012057 -0.265540729013575 -0.6940508074297 1.57109035115111 0.242634922417644 -0.446858477088604 0.00888727518789164 0.6421136088974 0.36436660424403 -0.195255131808792 -0.373253879431921 
3.35021982261176 -1.27789885994715 0.442239638052613 -0.296111922910673 -0.711370230788048 1.57401078285782 0.269130592735436 -0.470068093379795 0.0169143909857519 0.637068202969248 0.351741048135106 -0.167000109589449 -0.368655439120858 
3.369136594662 -1.24747031316204 0.433112903482902 -0.328309557211673 -0.729329815227179 1.57577987037372 0.296216911744278 -0.493955937043432 0.0251929707295554 0.631162184896461 0.338113914987989 -0.137206247853026 -0.363306885717544 
3.38920921944185 -1.21397434562041 0.423981975305874 -0.362463249048372 -0.748092258836838 1.57643759466878 0.324110283530965 -0.518661643151116 0.0337941363452558 0.624229336430692 0.323285551244197 -0.105567693279573 -0.357079687589453 
3.41064406017694 -1.1770887837225 0.414785546541127 -0.398895144801785 -0.767811844892524 1.57598392852429 0.353026298351398 -0.544289525973806 0.0427826079942629 0.616069442157585 0.307038403319403 -0.0717799161837756 -0.349821011313666 
3.43364817156925 -1.13646642856773 0.405454055241103 -0.437914259918027 -0.788635633476723 1.57438068848576 0.383181578235621 -0.570902014479094 0.052216073453147 0.606444222165969 0.289135406797004 -0.0355422076868718 -0.341351480250151 
3.45842193834086 -1.09175467657074 0.395910069033473 -0.479796016026932 -0.810699623649604 1.57155069259767 0.414789554616131 -0.598504580717947 0.0621415093536953 0.595076305297283 0.26932388543185 0.00342827542066688 -0.331465394785545 
3.48513042757936 -1.04265514430765 0.386074529186246 -0.524721761769111 -0.83410933071661 1.56737690607676 0.448034801530364 -0.627009863399029 0.072583410069153 0.581661127805976 0.247357880954889 0.0453487355930569 -0.319941291024042 
3.51381282711351 -0.989103230596435 0.375892202188324 -0.572609701558179 -0.858873531937322 1.56171293215461 0.482981329748998 -0.656149536962308 0.0835101399274164 0.565923063036924 0.2230776203328 0.0902264739253873 -0.306587760260216 
3.54413897193309 -0.931748342949575 0.365406878166048 -0.622693631907858 -0.884720277233831 1.55444197485743 0.519313399067783 -0.685277246862317 0.0947499461466567 0.547796951546588 0.196638622983257 0.137480295315732 -0.291388569129914 
3.5750047439433 -0.872762985522986 0.354893624577847 -0.672874697951297 -0.910790822905207 1.54563768347428 0.55589719832736 -0.713127470576034 0.105866001585421 0.527800193772139 0.168928259488719 0.185327276803898 -0.274794261074141 
3.60181268484178 -0.821137398116762 0.345799030877043 -0.715563668068092 -0.933363666179771 1.53670106618485 0.587564635302728 -0.735833191216758 0.115258072582344 0.5091874278037 0.144209263328127 0.226645763413061 -0.25946733591047 
3.62544798693424 -0.775378161008766 0.337751440097146 -0.752252676699869 -0.953324286113736 1.52763083770864 0.615572846016591 -0.754700658970961 0.123336131616652 0.491839246274261 0.121913262984651 0.262861412696703 -0.245249394601304 
3.64621093498768 -0.735027228914374 0.330624698660029 -0.783487105924062 -0.971001222690055 1.51851433483844 0.640376524030026 -0.770381116688918 0.130274977605241 0.475894129472479 0.101936237509311 0.294486987216442 -0.232211215114551 
3.66447442809104 -0.69943720470757 0.324290318925439 -0.809922862049466 -0.986735761781827 1.50936006675704 0.662445442856389 -0.783480406913994 0.136255602330412 0.46134179861384 0.0840589947709605 0.322138608300157 -0.220314597101372 
3.68061247539624 -0.667927407348343 0.318628438551217 -0.832199478991565 -1.00083428301478 1.50012688633991 0.682205844463564 -0.794513774678354 0.141443418324298 0.448089898261929 0.0680215152310036 0.346423876416428 -0.209464933555301 
3.69497096099937 -0.639852549554684 0.313530935327955 -0.850888443408453 -1.01355243220891 1.49074099296314 0.700021496880959 -0.803902684824366 0.145981916162643 0.436005139503963 0.0535599392103802 0.367897545320406 -0.199541855373023 
3.70786497403256 -0.614615406138907 0.308899120673894 -0.866485201663971 -1.0250975426171 1.48110060780288 0.716198421943207 -0.81199027131337 0.149994784834216 0.424931848829952 0.0404168510311071 0.387058422483421 -0.190411635865323 
3.71958414487861 -0.591660994522353 0.304640495835292 -0.879412949268704 -1.03563387949703 1.47107394379106 0.730993383661736 -0.819058564672147 0.153589919972297 0.414700304950498 0.0283418118840454 0.404358259721651 -0.181931731856343 
3.73039988252605 -0.570465271285761 0.300665684019377 -0.890028068905039 -1.04528521579338 1.4604933401908 0.744619531774001 -0.825343199171431 0.156863376232718 0.405130140741423 0.0170883416891852 0.420213058430011 -0.173951717921903 
3.74105785227067 -0.549571373103406 0.296704336109301 -0.898997957940879 -1.05454500108704 1.44856933104428 0.757840664977745 -0.831311862814446 0.160046792478533 0.395595025428103 0.00589804959016153 0.435716837386346 -0.165944842068695 
3.75122927766916 -0.529626985397577 0.292880268504706 -0.905976256063773 -1.0628930143932 1.43560324146135 0.770012745888497 -0.836800358182189 0.163045287439147 0.386414069094446 -0.00487116824490942 0.450386289087746 -0.158174119194238 
3.76102193710111 -0.510423528803809 0.289156378286883 -0.911135092664144 -1.07017263105426 1.42155862146795 0.781016252767379 -0.841892788976769 0.165895165394415 0.377515636181973 -0.0153161005559783 0.464377152794799 -0.150579064838437 
3.7706260171409 -0.491590227252375 0.285462165494043 -0.914745990436657 -1.07628571360998 1.40633621768903 0.790823548115932 -0.846704498072642 0.168654540676432 0.368746584634083 -0.0256244049234989 0.477957913438563 -0.143030135752933 
3.78016711495611 -0.472882713427049 0.281749306241324 -0.917085306011977 -1.08111287221016 1.38996801943903 0.799363565968832 -0.851305560840614 0.171360485385315 0.36000685022377 -0.0359174373199072 0.491298710616847 -0.135443048065408 
3.78969742458766 -0.454200522023499 0.277996431934185 -0.918442203997582 -1.08457065165197 1.37264272602108 0.806574219717783 -0.855723251925989 0.174027796202485 0.351259613323965 -0.0462383552780459 0.504463638602026 -0.12778944092444 
3.79929448149951 -0.435393599414654 0.274171135823506 -0.919104477781961 -1.08667413272576 1.35449807719662 0.812502996902252 -0.85999198896593 0.176677425611751 0.342441636049384 -0.056658216068344 0.517550352916549 -0.120019209543407 
3.80910955705542 -0.416167751187247 0.270209588486014 -0.919311178347959 -1.08749016356241 1.33547892953521 0.817280575076394 -0.864171050773271 0.179349035997138 0.333419244079054 -0.0673290589750749 0.530751806694221 -0.112019977022063 
3.81933568752564 -0.396147811886297 0.266027541001285 -0.919235163323386 -1.08706240380481 1.31538297520968 0.821034862803526 -0.868324462666353 0.18209089953424 0.324018457322502 -0.0784487253320758 0.544306005343854 -0.103642174202164 
3.83017358313554 -0.374945001815776 0.261532872538824 -0.918997224202335 -1.08538081668763 1.29394222601811 0.823847944148801 -0.872502959486536 0.184949780629353 0.314057083892618 -0.0902221351270594 0.558445875593922 -0.094727645502294 
3.84182033199593 -0.352179679291691 0.256629312054392 -0.918684933910509 -1.08238105093387 1.2708646132022 0.825751738879478 -0.876737257288505 0.187967307755266 0.303355559830878 -0.102846923489514 0.57338169745763 -0.0851203842657519 
3.85447084063373 -0.327479321020408 0.251214825708132 -0.918365650150129 -1.07795038371664 1.24584497117054 0.826735558008506 -0.881036241736232 0.191179649092412 0.291735800701592 -0.116512745196952 0.589300441034642 -0.07466690389546 
3.86832268888991 -0.300470116122584 0.245178187929208 -0.918093774705227 -1.07193171933214 1.21856389082781 0.826753531402934 -0.885385324748534 0.194617761051008 0.279016734370498 -0.131403951586312 0.606368590378039 -0.063213809464696 
3.88358068470546 -0.270769573908075 0.238395154886288 -0.917914189704093 -1.06412458027506 1.18868376361217 0.825729425388777 -0.889743239980652 0.198307120811217 0.265009998892764 -0.147701355604994 0.624733241087891 -0.0506057652062236 
3.90046009582822 -0.237982294116871 0.230724617412664 -0.917863177839274 -1.05428387746281 1.15584547195615 0.823559260050147 -0.894036847693384 0.202266601946823 0.249516788549385 -0.165581730333484 0.644520059144001 -0.0366848716133392 
3.919188255863 -0.201699667119708 0.222004848148731 -0.917967432865834 -1.04211746316632 1.11966709998554 0.820112615017588 -0.898153899306108 0.206506342701214 0.232326164742612 -0.185214486348057 0.665827734563499 -0.0212918563531564 
3.94000418294182 -0.161504411020855 0.212050048925303 -0.918241315941103 -1.0272835476999 1.07974572696196 0.815233498774593 -0.901933860721779 0.211024453421282 0.213215219343836 -0.206754952133813 0.688718641377945 -0.00426950128746947 
3.96315548417727 -0.116981560689321 0.200647701103392 -0.918682251108677 -1.0093894033672 1.035663811798 0.808741702263805 -0.905157129210485 0.215802373373719 0.191951850766562 -0.230333405205625 0.713205278443926 0.0145310318319053 
3.98889124411467 -0.0677385637679037 0.187557744561672 -0.919264030676307 -0.987993548792803 0.98700259444421 0.800435804231131 -0.907533494035853 0.22079869354871 0.168301501745721 -0.256038666863236 0.739231992290135 0.0352399733145267 
4.01744878196001 -0.0134384714076896 0.172515462805394 -0.919927849914636 -0.962614970325547 0.933366321322326 0.790099507520152 -0.908691705835981 0.225941391146631 0.142040039204896 -0.2838948104223 0.766651666631088 0.057953419275669 
4.04903115056823 0.0461484125889215 0.155241228780735 -0.920571251776419 -0.932755017136973 0.874422839187498 0.777513788356238 -0.908173833657747 0.231118819934961 0.112975980437689 -0.313829635702638 0.795197853220061 0.0827108157676777 
4.08377153940587 0.111068860079152 0.135461798805003 -0.921036126381617 -0.897940031669644 0.809967266302466 0.762478232864641 -0.905440957973519 0.236170736718046 0.0809859750247312 -0.345634840859712 0.82445498294879 0.109464104141666 
4.12168215492135 0.181086114098429 0.112948469619183 -0.921098863677138 -0.857793382012533 0.74001274957871 0.74484491239335 -0.899900217324543 0.240882468810587 0.0460660303741119 -0.37892208845698 0.853834186950434 0.138039619646392 
4.1625926909445 0.255570052638781 0.0875738182156176 -0.920468669669266 -0.812138357491077 0.664898617030486 0.72456453927546 -0.890964321730798 0.244987982998358 0.00839349792609946 -0.413088893872185 0.882570823804702 0.168100910873827 
4.2061006521506 0.333426429825346 0.059376176233362 -0.918802016383123 -0.761110140788365 0.585375586557778 0.701733964555003 -0.878145993880289 0.248189186094535 -0.0316220583611285 -0.447322196882259 0.909768052241421 0.199133010787724 
4.25157354367653 0.413140580108078 0.0286017696821299 -0.915737379539516 -0.705221039984099 0.502596799431439 0.676619270301969 -0.86116497889836 0.250194428886624 -0.0733385285897032 -0.480670891194602 0.934503507488067 0.230476462307978 
4.29823158412337 0.492976562167488 -0.00431016421590621 -0.910942026795843 -0.645317877355148 0.417965464628355 0.649628041571055 -0.840018069627101 0.250766233885758 -0.115960171868539 -0.512187353870034 0.955978241495643 0.261421119984277 
4.34528608778314 0.571264576990258 -0.0388025549296272 -0.904150941297716 -0.582431121012758 0.332886364307459 0.621233675942385 -0.814970191134627 0.249756833380432 -0.158672563542923 -0.54108231278212 0.973642754677554 0.291325479401688 
4.39206482766253 0.646637026401979 -0.074296616161409 -0.895181942237191 -0.517592757714129 0.248544915835212 0.591889373875538 -0.786474205757412 0.247115950052664 -0.200767012383572 -0.566819863891201 0.987241218140988 0.319703913838537 
4.43807460675756 0.718126721227637 -0.110263909155138 -0.883927548066907 -0.451705785780972 0.16580082683927 0.56196969493611 -0.755067404871862 0.242873886670277 -0.241705049856075 -0.589126185518381 0.996772454727941 0.346252298848104 
4.48300215083526 0.785143564090138 -0.146258366170498 -0.870335263152249 -0.385491358700881 0.0851916990621107 0.531749724871378 -0.721287443322021 0.237114332016055 -0.281122593750094 -0.607939412803724 1.00241003707212 0.37082508078767 
4.52668188624633 0.847393037514298 -0.181917815363492 -0.854387190578021 -0.319492475941217 0.00699415306372336 0.501410291304709 -0.685622126450678 0.229949028796255 -0.318800641910352 -0.623341663806526 1.00442276836103 0.393392635010272 
4.56905622784532 0.904787434335793 -0.216950709731303 -0.836084097293991 -0.254103394174897 -0.0687033370418025 0.4710541039062 -0.648487482956007 0.2214992619765 -0.354627285007297 -0.635498936451647 1.00311476796331 0.413999674475147 
4.61014121534158 0.957372967705397 -0.251119017840146 -0.815434686986509 -0.189604119393683 -0.141938280718889 0.440723137233829 -0.610223291356689 0.211884191940011 -0.38856383263931 -0.644617149202408 0.998787123996003 0.432732957262397 
4.65000087148585 1.00527721824177 -0.284222379949636 -0.792449078786965 -0.126190829455879 -0.212828139454807 0.410413209405515 -0.571097416527873 0.201214322949433 -0.420618732909715 -0.6509132604409 0.991716149437592 0.449698937491468 
4.68872940293087 1.04867371391428 -0.316085054692979 -0.767135253909912 -0.0639998555437605 -0.281538460004364 0.380084910236739 -0.531313784928521 0.189588371712625 -0.450828759533625 -0.654597617770689 0.98214254446215 0.465009246058064 
4.72643926374841 1.08775889275055 -0.346545641105585 -0.739497495250328 -0.00312565411411797 -0.348261397500218 0.349671295219703 -0.491021352173582 0.177092268327252 -0.479245766476963 -0.6558638611926 0.970267118650548 0.478771592865348 
4.76325327371763 1.12273739160686 -0.375449113828322 -0.70953613373409 0.0563660718346319 -0.413201257872768 0.31908304199369 -0.450322838849146 0.163799468420899 -0.50592738783484 -0.654883658236916 0.95625022668399 0.491084189816018 
4.79929946952653 1.15381270173034 -0.402640691802792 -0.677248101389309 0.114429015176976 -0.476564600341033 0.288211676625816 -0.409282709374164 0.149772062680258 -0.530930464270315 -0.651804442162611 0.940213173644483 0.502032379482353 
4.83470780590147 1.18118111939324 -0.427961141387474 -0.642627888983475 0.171029834465414 -0.538553230409766 0.25693130692206 -0.36793419454364 0.135062360799223 -0.554306353351249 -0.646748963611144 0.922240547894892 0.511686602811921 
4.86960811030558 1.20502749387921 -0.451243157753376 -0.605668587394752 0.226143983582474 -0.599358906484462 0.225099174170902 -0.326285345891758 0.11971475696502 -0.57609753276771 -0.639815888054438 0.902382878659472 0.520101131089418 
4.90412879514879 1.22552159968837 -0.472308439867704 -0.56636287165661 0.279753108190796 -0.659158728031766 0.192555331676907 -0.284324323047525 0.103767814938406 -0.596335026387589 -0.631080974950378 0.880659349435117 0.527313160011972 
4.93839570173761 1.24281414631855 -0.490965015980219 -0.524704237436887 0.331843033239434 -0.718109908881669 0.159121982740785 -0.242024501496461 0.0872567109461942 -0.615036197221526 -0.620598680892381 0.85706069871799 0.533341969946187 
4.9725299984827 1.25703162446319 -0.507004427769588 -0.48068977934553 0.382400772729439 -0.776341845117657 0.124603655040149 -0.199350724543757 0.070216524816376 -0.632202404696812 -0.608404492192256 0.831553129240572 0.53818796737588 
5.0066431187126 1.26826956858937 -0.520198846452019 -0.434327682391932 0.431408038930493 -0.833941886197435 0.0887908075215257 -0.15626934772128 0.0526874734883521 -0.647816008123304 -0.594519129631967 0.804085355844587 0.541831656143615 
5.04082512555781 1.27658475618925 -0.530299672301337 -0.385655783574873 0.478827479885545 -0.890928972614379 0.0514721924157914 -0.112766850967499 0.0347240972331165 -0.661836429415459 -0.578957260498564 0.774603280382961 0.544233163265448 
5.07512097061754 1.28198906715157 -0.537042673465758 -0.334781619941418 0.524577177619363 -0.947207447210152 0.0124654958463946 -0.0688842066187809 0.0164113217153315 -0.674196003908631 -0.561745552380096 0.743080210527415 0.545334230664764 
5.1094897813948 1.28445200712013 -0.540170974001768 -0.281954447700887 0.568492541596481 -1.00249755941925 -0.028321567594713 -0.0247729244896434 -0.00211066735422263 -0.684799244786734 -0.542956144252145 0.70957216927638 0.545066811606367 
5.14375487515353 1.28392351676489 -0.539492131791194 -0.227659143935847 0.610291756012505 -1.05626437282904 -0.0707996242213105 0.0192385175339919 -0.0206191106886708 -0.693534569919174 -0.522754849276404 0.674296052385185 0.543373959965075 
5.17758593949865 1.28038260988285 -0.534970967327917 -0.17266121871407 0.649593992297142 -1.10772139116878 -0.114623024969225 0.0626237775750477 -0.0388051600328943 -0.700309820239285 -0.501437686828837 0.63768604266424 0.540242846861731 
5.2105749862714 1.27388668320827 -0.526808139040823 -0.117886981650993 0.686039460638455 -1.15599970155728 -0.159231321597633 0.104763762822277 -0.0563289338693631 -0.705105142161357 -0.479401974764967 0.600341379339083 0.535730908634329 
5.24239167956736 1.26457180613697 -0.515422809395068 -0.0641466851211862 0.719456358044487 -1.20042512101579 -0.204033548649419 0.145154691548551 -0.0729181883413531 -0.708003177333912 -0.457038394008813 0.562848485785364 0.529956582350166 
5.27289670913181 1.25259663545597 -0.501337516978669 -0.0119102768490652 0.749932334284024 -1.24068635860691 -0.248594817305355 0.183555731944879 -0.08843407279583 -0.709164856650723 -0.43462268659174 0.525609124705847 0.52305675938757 
5.30213980739423 1.23808155260862 -0.485058612060003 0.0387154312276906 0.77775026498506 -1.27679698383631 -0.292691652925057 0.219980834294955 -0.102863104607977 -0.708774121258087 -0.412282323578661 0.488793286963135 0.515145428186637 
5.33028881860229 1.2210831523457 -0.467018508271672 0.0878734511261124 0.80327525567325 -1.30895660347181 -0.336256747401577 0.254599564223037 -0.116268285233988 -0.706993339187768 -0.390027342818379 0.452393774964734 0.506295628052367 
5.35755777945009 1.20160236448389 -0.447572940617423 0.13582779427617 0.826869070741521 -1.33743015876007 -0.379296130124098 0.2876385370995 -0.128742339965628 -0.703943967154816 -0.367798686094693 0.416305430055319 0.49654102606032 
5.38416086170518 1.17960845445537 -0.42702102967572 0.182874246665068 0.848847604739452 -1.36248270112044 -0.421826575063732 0.319318957026165 -0.140378896874154 -0.69970526293306 -0.345506839807259 0.380386305906897 0.485885736681413 
5.41029084145529 1.15506460141146 -0.405625241868192 0.229293918179088 0.869468677198384 -1.38435851959054 -0.463843435330191 0.349827809779488 -0.151259662000428 -0.694320702133598 -0.323055007289897 0.344492892354113 0.474314669290324 
5.43611456493725 1.12794589800992 -0.383621196793847 0.275338486127975 0.888936184146058 -1.4032843841379 -0.50531498735221 0.379311801250993 -0.161451790674559 -0.687805287542834 -0.300348809312492 0.308493486291844 0.461800599987051 
5.46177896686728 1.09824437428467 -0.36121599063584 0.321236150121314 0.907411376815948 -1.41948052440598 -0.546195386180107 0.407884469668537 -0.171010510879305 -0.680150189040936 -0.277295885042888 0.272265719372402 0.448306395922193 
5.48742170550004 1.06596097661496 -0.338579796004025 0.367207483887587 0.925024941330484 -1.43316846050254 -0.586445145326458 0.435637940585836 -0.179983096445209 -0.671323619412366 -0.253799758186586 0.235685678826533 0.433782854631795 
5.51318071981227 1.031090579447 -0.315838231777065 0.413480567589085 0.941885467976218 -1.44457114703608 -0.626047236199153 0.462651962912242 -0.18841143937827 -0.6612689280669 -0.229753097632472 0.19861696515466 0.418164537010742 
5.53919904246603 0.993608624977906 -0.293070924678697 0.460298429485261 0.958082473814398 -1.45390705446317 -0.665011549135701 0.488996274637536 -0.19633219637415 -0.649901958059209 -0.205034303259672 0.160905683421676 0.401366499633822 
5.56562432316118 0.953465343004754 -0.2703169939378 0.507917579988402 0.973684629078675 -1.46138292299316 -0.703367635140875 0.514726591541469 -0.203775067522439 -0.637109415855023 -0.179508679600308 0.122382824313556 0.383283747122746 
5.5926043362215 0.910589345863429 -0.247585006526379 0.556599898576208 0.988734731354494 -1.46718924443964 -0.741149724828115 0.539876703435654 -0.210760328061571 -0.622749212498235 -0.153033623071593 0.0828725090625834 0.363793951133164 
5.62027905872109 0.864901159937386 -0.224865102854559 0.606599107245185 1.00324207664437 -1.47150026718257 -0.778376973789812 0.564448495680714 -0.217296332002382 -0.606653763041916 -0.125467723298928 0.0422052673612049 0.34276405530131 
5.64876639967477 0.816341854479316 -0.202144067851558 0.658136975701545 1.01717075120761 -1.47447883018086 -0.815026683356048 0.588398945705509 -0.223376881780477 -0.588639467273946 -0.0966871601820015 0.000240521568439418 0.320064041962478 
5.67812935777229 0.764938682804215 -0.179431195635774 0.711347878312216 1.03041860246424 -1.47628656111643 -0.850987406828471 0.611617534863264 -0.228977228219017 -0.56853366145778 -0.0666226758027252 -0.0430838734054818 0.295599904021742 
5.70828492828822 0.710981687124613 -0.156821467714867 0.766120626128396 1.04277401890519 -1.47710231325301 -0.885952551190323 0.63387381913166 -0.234045394495874 -0.546257096149299 -0.0353601805938266 -0.0876167229823579 0.2694055750897 
5.7387489467606 0.655512405022074 -0.134664479590307 0.8216436807836 1.05383036719738 -1.47715608580567 -0.919165887607069 0.654690450277425 -0.238483634723447 -0.522072861216184 -0.0034207708235297 -0.132617589061238 0.241904405546977 
5.76498738701179 0.607125611716356 -0.116080646039499 0.869702148848789 1.06201757301267 -1.47682776056515 -0.945936926973171 0.671256368257055 -0.241772254752667 -0.499884327683356 0.0243404947915461 -0.171372040573697 0.21743175996112 
5.78704800505448 0.566098035349873 -0.10077692872515 0.910372245511636 1.06772776690308 -1.47647028086151 -0.966950838177932 0.684197901249654 -0.244163749782942 -0.480250107448624 0.0478344763885795 -0.203947793801028 0.196329273394363 
5.80522222873262 0.532109568054315 -0.0883672105739739 0.944150065355681 1.07139636479115 -1.47625963341 -0.983029154217172 0.694177666421338 -0.245882266638458 -0.463398309615336 0.0672745759829269 -0.230779356805999 0.178607690655531 
5.82013448333476 0.504118953666201 -0.0783055901294142 0.972130005452932 1.07346997115139 -1.47624895911913 -0.995164381021978 0.70190402098396 -0.247124871386147 -0.449110632758065 0.0832682063234907 -0.252793388225893 0.163856665062656 
5.83240388356515 0.481032658202428 -0.0701016003929906 0.99539395023033 1.07430006284374 -1.47642660843276 -1.00419846245075 0.707947677488088 -0.248035239252368 -0.437040719635142 0.0964450935368698 -0.270906957852943 0.151590145715498 
5.84256057081957 0.461890082333437 -0.0633570700881138 1.01485922588901 1.07414118275741 -1.47674930822244 -1.01078411266929 0.712736185041008 -0.248712953774796 -0.426832135190804 0.107356393096551 -0.285904049850201 0.141356560678245 
5.85104609205847 0.445879076725566 -0.0577524298965912 1.03127815696288 1.07316913890393 -1.47715723368845 -1.01541670900734 0.716587642835652 -0.249226773663469 -0.418150961547046 0.116467563907899 -0.298436681288603 0.13275920975557 
5.85823035656075 0.432312671755602 -0.0530273318988368 1.04526627234858 1.07149555209178 -1.47757894410418 -1.01846822019295 0.719742229054863 -0.249624698551658 -0.410691769503436 0.124172038610744 -0.309050459551424 0.125452659940914 
5.86443009558758 0.42059885779591 -0.0489636806072347 1.05733051962415 1.06917532208383 -1.47792937742006 -1.02021164147659 0.722386146335502 -0.249940850910992 -0.40417395971287 0.130808329868266 -0.318212186622629 0.119132521042726 
5.8699263794655 0.410209969759478 -0.0453713169303388 1.06789078439717 1.06620747178878 -1.47810075415665 -1.02083615485844 0.724669328542559 -0.250200092599475 -0.398333448524736 0.136677111023848 -0.32633588001782 0.113522981575627 
5.87497873202235 0.400657350661247 -0.0420771367511126 1.0772869813791 1.06253395455395 -1.47794433204034 -1.02045681780284 0.726717723354433 -0.250420999652896 -0.392914171430777 0.142055101178532 -0.333803551923654 0.108365898474365 
5.87995520997946 0.391246076423751 -0.038839574286669 1.08597159236824 1.05792450922057 -1.47721766879199 -1.0190849349339 0.728688169091625 -0.250622336901073 -0.387531166544171 0.147331720171558 -0.341157002547451 0.103290616729514 
5.88479750963618 0.382087025437111 -0.0356957718751617 1.09358688072575 1.0525487860247 -1.47567390616286 -1.01685301414953 0.730560524911809 -0.250802795635926 -0.382253745825785 0.1524418123789 -0.34830677908602 0.0983609832570258 
5.88959270103703 0.373016046709614 -0.0325885145315883 1.10013228554275 1.04657709594715 -1.47314833225237 -1.01398858141556 0.732370957112979 -0.25096651144223 -0.376993683767619 0.157474869111849 -0.355377273345357 0.093491642330381 
5.8943859596418 0.363948134453739 -0.029488119414835 1.10568001682521 1.04024220166937 -1.46962815127895 -1.01075408225453 0.734137187214705 -0.251115283946024 -0.371706791058639 0.162476295566103 -0.362430396156063 0.0886389883799209 
5.89928506243418 0.354679817904227 -0.0263247304317882 1.1104562646815 1.03362456102902 -1.46513608258573 -1.00729983059723 0.735897503298918 -0.251251998201548 -0.366277918651718 0.16755636178672 -0.369619584647196 0.0836956364148282 
5.90446728203939 0.344876191764346 -0.0229841826250757 1.11472514340504 1.02662390667959 -1.45960133516938 -1.00363972405451 0.737710129493221 -0.251379760582472 -0.360511924804419 0.172894670324364 -0.377198204688799 0.0784850902581082 
5.91012074266489 0.334182022502823 -0.0193460462893787 1.11868504925719 1.01907373816966 -1.45286707176001 -0.999727691880283 0.739629643326444 -0.251499413796749 -0.354198381059604 0.178677252131124 -0.385431262266837 0.0728221616656245 
5.91642854990954 0.32225200836342 -0.0152938487399616 1.12246826727539 1.0107927428677 -1.44472027563881 -0.995498894127735 0.741699971716214 -0.251608660958586 -0.347129698405982 0.185079173961468 -0.394570273310229 0.0665294869971176 
5.92357613811371 0.308737221787139 -0.0107103081134778 1.12616448810562 1.00158852746839 -1.43490170989276 -0.990878219354907 0.743954994752527 -0.251701589574301 -0.339093229354386 0.192270902821238 -0.404861765398138 0.0594306867530635 
5.93176192675812 0.293265483837514 -0.00547044875383396 1.12983803496876 0.991248493761742 -1.42310351880627 -0.985778045007908 0.746418923227259 -0.251767809257207 -0.329859302153927 0.200427241791805 -0.416559621073328 0.0513405674654014 
5.94120681322683 0.275424261737411 0.000564575527740495 1.13353734754625 0.979528672375789 -1.40896160928366 -0.980093247903529 0.749104518668789 -0.251790968594403 -0.319170251897024 0.209733970235777 -0.429934266771761 0.0420569983586253 
5.95216286952651 0.254745592197289 0.0075532802802851 1.13729947754235 0.966141719277554 -1.39204506973964 -0.97369499955784 0.752008785692944 -0.251746488341639 -0.306730098377215 0.220392235807498 -0.445278687315726 0.0313542525341414 
5.96492231654654 0.230691312530338 0.0156801041480851 1.14115139640722 0.950743053385626 -1.37184270893756 -0.966423157533711 0.755105704002522 -0.251598253984915 -0.292193687603788 0.232621254392732 -0.46291201639873 0.0189769995921831 
5.97982780595586 0.202637154046948 0.0251630057655486 1.1451087887391 0.932913619870187 -1.34774594278605 -0.958076625635736 0.75833512426292 -0.251293850121046 -0.275154139266974 0.246659509091862 -0.483180984995943 0.004634341029184 
5.99728498159983 0.169854680112482 0.0362633945301568 1.1491721602973 0.912137454829767 -1.31902684040979 -0.948400849359924 0.761586326874057 -0.250757681831675 -0.25512751139038 0.262764103202593 -0.506458815483673 -0.0120064213709189 
6.01777803878469 0.131491065335344 0.049299454480087 1.15331924422931 0.887772068904472 -1.28481030956466 -0.93707152338456 0.764673838464712 -0.249880980966127 -0.231533931680936 0.281206968627661 -0.533139906783772 -0.0313259876615338 
6.04188741064497 0.0865505875618003 0.0646632765462321 1.15749144096365 0.859010900991362 -1.24404202852545 -0.923674177537594 0.767301815608577 -0.248507275390931 -0.203676423518255 0.302264199783409 -0.563625392090319 -0.0537569243924788 
6.07030139656719 0.0338966763898466 0.0828380650994142 1.16156983685451 0.824845113972511 -1.19546651324436 -0.907683179071926 0.769012163262332 -0.246411932541473 -0.170727517308993 0.326187541063786 -0.598284645953336 -0.0797756085223133 
6.10378414875286 -0.0276513221112754 0.104393107334134 1.165333032084 0.784068223407395 -1.13768170997272 -0.888461330741529 0.769115118423564 -0.243277898167535 -0.131768934015202 0.353124660384991 -0.637346184408358 -0.109846762217457 
6.14296319306885 -0.0988768830810009 0.12986728826841 1.16839031988079 0.735499004253036 -1.06951343679979 -0.865366292521446 0.766633517880434 -0.238689825362047 -0.0860477408505717 0.382895415493842 -0.680585777029859 -0.144205590131795 
6.18764109238147 -0.178886575614163 0.159330739838493 1.17012824735251 0.678844781224805 -0.991241671738349 -0.838175521063298 0.760423436646622 -0.232231210805206 -0.0338006990539203 0.414495544332939 -0.726622737592699 -0.182264333527733 
6.23592554182845 -0.263661872189252 0.191761039323238 1.16984230325173 0.615971822698883 -0.906180431062475 -0.807732862022122 0.749731743875886 -0.223757666398258 0.0227007104203389 0.445762287009144 -0.772432454296221 -0.222004620610886 
6.2850022774294 -0.347723514582474 0.22543343809227 1.16708028335297 0.550219474665653 -0.819356768770494 -0.775652912757923 0.734720010157928 -0.213523418656495 0.0800556423442211 0.474386399641524 -0.814775652502145 -0.26086298098503 
6.33285073491795 -0.427297674741815 0.259009707136668 1.16174552348297 0.484257700084594 -0.734447848741153 -0.743267407221262 0.716168122667761 -0.201936461818318 0.135782004215733 0.499142783746332 -0.851950126883491 -0.297206321928014 
6.37621580458055 -0.497058473821652 0.290098379194362 1.15439624017821 0.422868785988627 -0.657337766356561 -0.712967165182989 0.696117035683042 -0.190032641330359 0.186011003612558 0.518817081681956 -0.882128039295597 -0.328784440351597 
6.41901630500009 -0.563377746562774 0.321385958894387 1.14451046508046 0.36078332883075 -0.581132718517685 -0.682169287725138 0.673413824386244 -0.176948773987749 0.235218092376121 0.535592658427744 -0.908631916762362 -0.358643884439996 
6.46005007231216 -0.624253654535837 0.351900679205433 1.13227296093617 0.299899211639137 -0.508019306400334 -0.651799890844571 0.649037636983425 -0.163136620005859 0.281940423302449 0.549152241287832 -0.93097806028587 -0.386015621281973 
6.49912256003914 -0.679414777936293 0.381348854322282 1.1177984905388 0.24075270629932 -0.438383712602505 -0.622101560621603 0.623559345078448 -0.148812724780314 0.325907892133273 0.559718106177292 -0.949467237211717 -0.410905381396979 
6.53634968298208 -0.729092790044396 0.409646374764662 1.10114277994015 0.183435544411592 -0.372049989895755 -0.593081919176255 0.597332743899331 -0.134089968462411 0.367219478527956 0.567616468361689 -0.964552222427284 -0.433526499899278 
6.57193664787643 -0.773642354398193 0.436765343002359 1.08231868201454 0.127898201762306 -0.308676327616348 -0.564663544764665 0.570584840691161 -0.119029267139457 0.406079733900181 0.573158089359309 -0.976664574591339 -0.454128822219853 
6.60610991564051 -0.813427474591414 0.462684070791022 1.06130625977195 0.0740494072084897 -0.247878785180535 -0.536733477999511 0.543458374994835 -0.103660036821127 0.442715659695816 0.576609849239655 -0.986174034690648 -0.472949812418529 
6.63909622015074 -0.848788217601264 0.487369280106128 1.03805890987243 0.0217911007194376 -0.189270692271168 -0.509160380825566 0.516034618749856 -0.087989405066935 0.477349149345739 0.578190994123676 -0.993383768095591 -0.490201589056742 
6.67111560907962 -0.880031749808887 0.510768053244266 1.01250839805571 -0.0289665614068715 -0.132476648246824 -0.481801491837394 0.488348346334563 -0.0720076675285521 0.510186215899983 0.578075848155273 -0.998534562234543 -0.506068180626721 
6.70237819615935 -0.907431186451501 0.532802760622493 0.984570817195454 -0.0782960825022186 -0.0771396307439536 -0.454506678120274 0.460399772653529 -0.0556928141410043 0.541411037335277 0.576398234453891 -1.0018108099888 -0.520705420312887 
6.73308134814166 -0.93122764728167 0.553367372401309 0.954154784033609 -0.126245246142489 -0.0229271367519399 -0.42712212625882 0.432165425024819 -0.0390152485484998 0.571181195064659 0.573256557716437 -1.00334662008948 -0.534241309167937 
6.76340647531086 -0.951634528253774 0.572325560702502 0.921172397457905 -0.172831101552717 0.0304621307958681 -0.399494459149785 0.403608565697166 -0.0219430456512977 0.599623379570653 0.568719469171324 -1.00323194526782 -0.546776423520027 
6.79351588606869 -0.968843922310709 0.58951191840415 0.885552078609709 -0.218036934806411 0.0832918437009988 -0.37147498359774 0.374688712152124 -0.00444743282647492 0.626830214872809 0.562832074795722 -1.00151892702493 -0.558384641969247 
6.82355116418421 -0.983034764508517 0.604737656026281 0.847250303573583 -0.261814902350501 0.135784460934933 -0.34292275367578 0.345368754320857 0.0134925414854109 0.652859607175481 0.555622201016721 -0.998228361496335 -0.569114742502132 
6.85363492886401 -0.994381072083457 0.617800867494907 0.806257407651459 -0.304096361883517 0.188123664431997 -0.313704505611391 0.315617664600198 0.0318876351741683 0.677737868834881 0.547105600710709 -0.993355533435075 -0.578993235884878 
6.88387690477338 -1.00305740678822 0.628498976725443 0.762593168301513 -0.344808863105422 0.240464238486706 -0.283690113620022 0.285407742814975 0.0507393385816292 0.701466379331739 0.5372887444922 -0.986874122146711 -0.58802808307383 
6.91438297372681 -1.0092387859667 0.636638846811151 0.716292022482837 -0.383894552045402 0.29294676348386 -0.25274429476575 0.254707817358974 0.0700435028537336 0.724029312238275 0.526168567271825 -0.978737129597246 -0.59621207012556 
6.94526386015694 -1.01309439342673 0.642040442196402 0.667383384595 -0.421322890547711 0.345711008831726 -0.220717551648691 0.223476166720904 0.0897943595361996 0.745398806321286 0.513730009485588 -0.968874973042187 -0.603524369021788 
6.97664012827151 -1.01477728090653 0.644533148906377 0.615875134664958 -0.457093278386722 0.398902146241575 -0.187439870519654 0.191657054925399 0.109986255750451 0.765535157075723 0.499943306290589 -0.957192212001119 -0.60992956204104 
7.00864210102079 -1.01441360568395 0.643947464811101 0.561746123048591 -0.491228240619018 0.452667482635359 -0.152719224192082 0.159182695472313 0.130611635152176 0.784382179132659 0.484762925967857 -0.94356487460497 -0.615374561120034 
7.04140526384141 -1.01209417130606 0.640106370147302 0.50494923414711 -0.523761257912973 0.507144937158949 -0.116345112234329 0.125980199854515 0.15165535109439 0.80185978002666 0.468129211050167 -0.927839979881172 -0.619784562144557 
7.07506230284555 -1.00786938326739 0.632820230356853 0.445423794813422 -0.554723497632749 0.562445588453962 -0.0780967327241036 0.0919822294201236 0.17308618432882 0.817856142940499 0.449973063487061 -0.909838372360619 -0.623059247815881 
7.10973230049321 -1.00174764142436 0.621888066745655 0.383115937913276 -0.584132030005881 0.61863170351108 -0.0377560367397738 0.057140560566658 0.194846409492149 0.832221439835439 0.43022390898891 -0.889362000402094 -0.625070318481059 
7.14550671391389 -0.993697132609987 0.607107569244088 0.318006645523937 -0.611980532340635 0.675690487086049 0.00487296309654692 0.0214425646157426 0.21684006362693 0.844764714082218 0.408821472400724 -0.866207278697958 -0.625661536027654 
7.18243153696456 -0.983651607696289 0.588296215377485 0.250147597834022 -0.638232990908672 0.733504009862266 0.0499367755311866 -0.0150693529053575 0.238920920456098 0.855255964808561 0.38573200042287 -0.840186611903201 -0.624652920878968 
7.22048637527628 -0.971521280605754 0.565325021482218 0.179702623047265 -0.662821583232537 0.791818657558489 0.0974965617503197 -0.0522768938559703 0.260882552516269 0.863436277789965 0.360968646655013 -0.811159383933992 -0.621851199171282 
7.25956472813863 -0.957209444416521 0.538162697434609 0.106985997008554 -0.685651160505565 0.850223447407966 0.147488463070957 -0.0899688197698368 0.282455203206079 0.869038950163867 0.334612926450017 -0.779070130394028 -0.617068129656097 
7.29946471850712 -0.940632817596447 0.506920049901809 0.0324797252735763 -0.706613008224325 0.908153092322869 0.199692958322516 -0.12783742854732 0.303315972963283 0.871821974867856 0.306829687542152 -0.743984546320534 -0.610145660505435 
7.3399013570144 -0.921739662289044 0.471875913684476 -0.0431911053346297 -0.725607637550477 0.964930767623673 0.253731723866002 -0.165498709673018 0.323116611262514 0.871605809139486 0.277865258150857 -0.706107099466465 -0.60098186941337 
7.38054397645738 -0.900518038414241 0.433466738330941 -0.119331074463259 -0.74257014179192 1.0198491128775 0.309103403460979 -0.202537151859128 0.341524721703786 0.868303318978943 0.24802299646854 -0.665766167119813 -0.589547718172326 
7.42106731967149 -0.876990935165585 0.39223870524721 -0.195272322775973 -0.757487240502839 1.07226325794156 0.365248535255628 -0.238560684693714 0.358264312233024 0.861928937075417 0.217622816535185 -0.623368252381701 -0.575887128768208 
7.46119541619463 -0.851202949660139 0.348782545071038 -0.270457223391776 -0.770398565816728 1.12166017305191 0.42161602074569 -0.273243809910898 0.373140479188181 0.85258442081786 0.186961222431547 -0.57934061090696 -0.560101701619729 
7.500723591454 -0.823207259156436 0.303677340585773 -0.344478078367781 -0.78138382259383 1.16768533752422 0.477706482008058 -0.306345758134387 0.386042795483842 0.840430634998067 0.156286114556939 -0.534084876863678 -0.542328910040782 
7.53951807617111 -0.793059181316271 0.257457903620561 -0.417073548031014 -0.790543662569495 1.21013272934728 0.533085758948934 -0.337705697421995 0.396933048921378 0.825658467489429 0.125789935648913 -0.487952770067432 -0.522722984570291 
7.57750159319597 -0.760817868613909 0.210605309769606 -0.488098508067327 -0.797981699377888 1.24891637668123 0.587376389608282 -0.367225329290525 0.405826931386346 0.808467505204505 0.0956162795375855 -0.441242175913978 -0.501443210923931 
7.61463368879314 -0.726554859853519 0.163552767284719 -0.557484459680599 -0.803791303592938 1.28403931953412 0.640238536308219 -0.394848565560135 0.412776928737285 0.789055041167055 0.0658731968475627 -0.394206475606918 -0.478650125584848 
7.65089097922334 -0.690367776522334 0.116698862095062 -0.62520043789222 -0.808047639750945 1.31556821441455 0.691348777655883 -0.420543768086666 0.417859774712363 0.767614491358697 0.0366484529887867 -0.347070723272029 -0.45450822770115 
7.68624920011018 -0.652397920976862 0.070422721784021 -0.6912178859466 -0.810804083243847 1.34361580692346 0.740381361459826 -0.444290577342287 0.421169183176313 0.744341365874017 0.00802443669906917 -0.300050788531728 -0.429193619875383 
7.72066735520098 -0.612850667962022 0.0250977523535863 -0.755479793593286 -0.812092130889264 1.36833046155531 0.786994378535678 -0.466071712098211 0.422813386507608 0.719445071687165 -0.0199082017500999 -0.253373359588952 -0.402905184757508 
7.75407403805768 -0.572016897009694 -0.0188983496150917 -0.817873858513078 -0.811924399092925 1.38989075552277 0.830822748708017 -0.485869676684981 0.422916578803291 0.693164905867653 -0.0470387821182662 -0.20729522918267 -0.375877796685024 
7.78635650426574 -0.530292380542877 -0.0611791967455608 -0.878210275636219 -0.810300820113383 1.40850265617909 0.871480016858944 -0.503668253075162 0.421623089891667 0.665788167098592 -0.0732275986277361 -0.162119914023429 -0.348395491263931 
7.81735404157148 -0.488190126771673 -0.101352728774878 -0.936206509506593 -0.807218479680085 1.42439663627826 0.908571208454963 -0.519458559488523 0.419102709839062 0.637667130420954 -0.0983012964076845 -0.118208570932429 -0.320801413431378 
7.84512669093266 -0.448841211828521 -0.136839616682917 -0.988237053987215 -0.802999270329876 1.43707826581573 0.939838887012793 -0.532473960678244 0.415793819793242 0.610943849936231 -0.120664759470992 -0.0784698892579848 -0.29512906032225 
7.87094528829526 -0.410954613875766 -0.169288326262327 -1.03667337850662 -0.797631162023453 1.44762799238239 0.966919488285779 -0.543575955429846 0.411840691595274 0.584803818839693 -0.1413310446775 -0.0412278634098447 -0.270509646917775 
7.89477341291621 -0.374941674959911 -0.198694759433306 -1.08142946128626 -0.791210756812801 1.45637113624617 0.989905516246107 -0.552941103807514 0.407455417577404 0.559568699929989 -0.160263674172944 -0.00662759612247266 -0.24719174340446 
7.91657618573185 -0.341171221038683 -0.225094647137791 -1.12240722576574 -0.783855220237969 1.46357844680442 1.00894986737576 -0.560749096178416 0.402834602756326 0.535543837952188 -0.1774369125501 0.0252052582262304 -0.225397690206226 
7.93641335356697 -0.309817925628963 -0.248660006958964 -1.15967124947947 -0.775673926474485 1.46948917510843 1.02433393343345 -0.567206935293802 0.398134887381563 0.512908769003253 -0.192907824981851 0.0542981662905506 -0.205227062399712 
7.954428691248 -0.280868382340147 -0.269665477416477 -1.19342975344598 -0.766750826522429 1.47429813578612 1.03641630393891 -0.572528292889142 0.393465404392272 0.491712624480669 -0.206803833050113 0.0808156684084748 -0.186661571342159 
7.97082252414103 -0.254164412740052 -0.288441016009574 -1.2239828826037 -0.757134243620516 1.47814729534375 1.04557525963009 -0.576914359969752 0.388890203459156 0.471896988217388 -0.219297135595291 0.105017371752366 -0.169593067863865 
7.98582617235288 -0.229450570243903 -0.305334362233003 -1.25167253195596 -0.746832270650264 1.48112310219986 1.05216663288327 -0.580542667268603 0.384435454970143 0.453324623893254 -0.230581587563888 0.127218043375351 -0.153853867406254 
7.9996848520392 -0.206410761007454 -0.320688799897914 -1.27684535853283 -0.735810852779075 1.48325611954028 1.05649965267699 -0.583563122428149 0.380097249203826 0.435803092983691 -0.240857130227396 0.147760029444459 -0.13924011897643 
8.0126485712821 -0.184691707412975 -0.3348331134232 -1.29982767876117 -0.723993135747224 1.48451938617414 1.05882624917042 -0.586098359569781 0.375848019433111 0.419100732242228 -0.250321049735283 0.166997627327555 -0.125526969697827 
8.02545165061924 -0.163098802577447 -0.348594553081114 -1.32171498636802 -0.710729912704314 1.48481378894546 1.05932446578543 -0.588324897892071 0.371472810125889 0.402317793344718 -0.259507242586068 0.186007104547355 -0.111965567539821 
8.03776970191647 -0.142203864778479 -0.361640633640195 -1.3416946255837 -0.696389866695607 1.48389849036217 1.0580305003358 -0.5902053786719 0.367098258681652 0.385912522038868 -0.268175332839865 0.204292856633034 -0.0989229258417868 
8.0497026163321 -0.121862728391364 -0.374098795521887 -1.3597158334156 -0.681042335089824 1.48157856180696 1.05514113061171 -0.59178101191861 0.362708325637132 0.36979321024074 -0.276395099595362 0.221987801677871 -0.0863132260417704 
8.0614275726886 -0.101792498961249 -0.386169295627823 -1.37586468852638 -0.664706632015002 1.47765718748763 1.05087592764282 -0.593092261125847 0.358251106588681 0.353754306884992 -0.284285636756024 0.239337954240856 -0.0739654698326565 
8.07306239068743 -0.0818058570316425 -0.397982410414336 -1.39017901688364 -0.64750560511774 1.47198487391528 1.04548801553208 -0.594160390805224 0.353689217907309 0.33766139524559 -0.291920131884503 0.256498995559635 -0.0617690860228065 
8.08465645235105 -0.061829948802112 -0.409594028349341 -1.40269182370471 -0.629672479081502 1.46452177250682 1.03926650743084 -0.59499310403859 0.34900751966872 0.32146935885351 -0.299324498119581 0.273523745185082 -0.0496830215491388 
8.09627720173015 -0.0417592160670323 -0.421075401335851 -1.41354323992199 -0.611387104653108 1.45530245598902 1.03246250598896 -0.595595038233297 0.344180868774923 0.305104399613955 -0.306535794158522 0.290490638619343 -0.0376450746164013 
8.1080642837523 -0.0213617992727821 -0.432564455862521 -1.42297352096238 -0.592656436183506 1.44433532023516 1.02522089204603 -0.595967078397279 0.339149754492538 0.288385803471599 -0.313631959478503 0.307581274925681 -0.0255177950140348 
8.12020779032797 -0.000317069838350477 -0.444240421649165 -1.43123329570467 -0.573344746577702 1.43155036554302 1.01758516822687 -0.59609873298915 0.333825849353531 0.27105437791161 -0.320711576784918 0.325044355077542 -0.0131142725686132 
8.13291281310139 0.021721994226249 -0.456287262858656 -1.43852504192387 -0.553246803747463 1.41680304769762 1.00953406660612 -0.595962774649944 0.328105057204449 0.252822863923767 -0.32786810129972 0.343139910726178 -0.000236955904728588 
8.14638297511315 0.0450985004955763 -0.468877370110024 -1.44499055646487 -0.532131544321275 1.39989205596929 1.0010089144313 -0.595512737362603 0.321873792064979 0.233400818905496 -0.335177964364471 0.362111918457108 0.0133041722994917 
8.16081879075926 0.0701465539184055 -0.482170019972415 -1.45071781829723 -0.509755938815584 1.38057126437882 0.991925958787999 -0.594680894261112 0.31500897625355 0.212498501730241 -0.342697890451783 0.382182392530873 0.0276889141982324 
8.1764218678702 0.0971957218752196 -0.49631525903545 -1.45575019088073 -0.485864192114738 1.3585544690055 0.982179451150188 -0.593375321707274 0.307374993011033 0.189822156093349 -0.350464874617445 0.403553165613926 0.0430898816064117 
8.19340030933055 0.12657664064387 -0.511458683213893 -1.46009238532676 -0.460181536872758 1.33351574468289 0.971640220086651 -0.591475574160529 0.298819421472042 0.165067399507556 -0.3584956298074 0.426408174652975 0.0596762083353581 
8.21197360876873 0.158624253265436 -0.527745667848516 -1.46371218657043 -0.432406451219436 1.305087933305 0.960152119067952 -0.588826838818427 0.289168258636233 0.137913374206067 -0.366784311114455 0.450913464612361 0.0776160524782216 
8.23237603560787 0.193676156831703 -0.545324457412343 -1.4665379006159 -0.402203222814419 1.2728617437842 0.947527680226762 -0.585232642647972 0.27822110721196 0.108019374464659 -0.375297862097982 0.477213268183314 0.0970767548860223 
8.25485626762172 0.232061114786235 -0.564346711535691 -1.46845132583228 -0.369198018330548 1.23639021104604 0.933544729866239 -0.580446790701593 0.265747624629037 0.0750275522753366 -0.383968051466664 0.505419238426258 0.118220426837627 
8.27966648346943 0.274064842344619 -0.584960769890366 -1.46927609744128 -0.33298785168404 1.19521125509666 0.917948621574405 -0.57416738576887 0.251489562603803 0.038582080289147 -0.392678387314085 0.535585305479725 0.141188824710283 
8.30702149056436 0.319839741900186 -0.607283552551293 -1.46876353104863 -0.29319021265239 1.14892378914844 0.900473765203682 -0.566042847735135 0.235181731731774 -0.00160624602355896 -0.401242778238323 0.567649093758695 0.166061046506549 
8.33698075617347 0.369185106482133 -0.631316674153977 -1.46658862168876 -0.249603203014246 1.09740351520662 0.880919877168222 -0.55571925972155 0.216626962753424 -0.0455808902698693 -0.409373796606819 0.60130014999142 0.192746833853395 
8.36919248605103 0.421123856873061 -0.656763532710829 -1.4623967224864 -0.20257425197974 1.04127286561333 0.859337784690569 -0.542987244496491 0.195880338785684 -0.0927599279765609 -0.416657157881492 0.635747172473053 0.220776819095808 
8.40263039034913 0.473549604512746 -0.68284858691496 -1.45594877254199 -0.153412786825297 0.982399168029241 0.836261373740256 -0.528024588596162 0.173482613783411 -0.141557746089341 -0.42261005018833 0.669582334685503 0.249127436404919 
8.43584430058666 0.523792646904826 -0.708518995960921 -1.44726413394528 -0.104097524367515 0.923471487040456 0.812616520328436 -0.511456200737472 0.150375672623352 -0.189777894480921 -0.426887993414595 0.701234095218393 0.276512320791242 
8.46577864727107 0.567179669405019 -0.731509711343044 -1.43726860403159 -0.059153089629304 0.870088934626574 0.790662800972348 -0.495122500843194 0.128822210035136 -0.232956663744492 -0.429332638629636 0.728079164587687 0.3005104285945 
8.49373909136869 0.605759094565397 -0.752883115909307 -1.4258252683024 -0.0167072584460818 0.820066173736997 0.769590374355389 -0.478719773654998 0.108069831536433 -0.272988427575779 -0.430394236403797 0.751708201230777 0.322324404867364 
8.5213433345218 0.641657533918584 -0.773871164708796 -1.41224312509841 0.0256313565703125 0.770585591179821 0.748239808138483 -0.461497336411677 0.0869970610942348 -0.312165396225772 -0.43027200434415 0.77366273263745 0.343274943249915 
8.54615924368628 0.67175196872658 -0.792584701184664 -1.39781490065108 0.0640083117813406 0.726062931924495 0.728576389403323 -0.445195998309292 0.0675601458463599 -0.347037124721329 -0.429160284054085 0.792233123030621 0.361600138207725 
8.57063542813815 0.699094187169721 -0.810790232158319 -1.38123958692096 0.102047421789836 0.682145399751231 0.708742810368483 -0.428414376252249 0.0479372292397885 -0.381052509954804 -0.427128308254987 0.809466886207053 0.379191079015199 
8.59415587371786 0.722876493237137 -0.827886546664607 -1.36284227658842 0.138616409141584 0.639965783351277 0.689270137523022 -0.4116865944659 0.028665051822374 -0.413328545429746 -0.424297873452085 0.825015139895646 0.395632821629711 
8.61673926816221 0.743146626498406 -0.843718254869303 -1.34265740638224 0.173527797407554 0.599510779883829 0.670190457461749 -0.395127738788405 0.00978847403620917 -0.443883093918326 -0.420772622021493 0.839010832706731 0.410984147985283 
8.63858229988269 0.760154444365994 -0.858225834334937 -1.32059730042837 0.206846852117791 0.560442856062378 0.651378982217146 -0.378704600006734 -0.00880104902039427 -0.472974559104502 -0.416617282240482 0.851679159111236 0.425418331260877 
8.6599127559484 0.774166060867239 -0.87133497075591 -1.29653282287355 0.238664891195542 0.52236676200631 0.632670079560368 -0.362336080423651 -0.02724935190108 -0.500891343589915 -0.411864251902031 0.863227424013567 0.439113603803111 
8.68093447202862 0.785421341030529 -0.882923544095821 -1.27035144123197 0.26901830417143 0.48493010020144 0.613905239924391 -0.345939044567827 -0.0456907059277168 -0.527875766685299 -0.406526042813291 0.873814811253126 0.452216748741008 
8.70179869181841 0.794139065534425 -0.892822377166933 -1.24201434715846 0.297860563410313 0.447875281624036 0.59496181375662 -0.329456738385636 -0.064218507419023 -0.554089012877098 -0.400609827862715 0.883545751262735 0.464828335281738 
8.72259668179224 0.80054150644402 -0.900844143677302 -1.21159397304195 0.325079853758158 0.411052466597923 0.575764289919143 -0.312869867610224 -0.0828742271058518 -0.579607659045761 -0.394129025714689 0.892477526655985 0.477003252820541 
8.74338467042724 0.804876720972725 -0.906829670531045 -1.17925140598153 0.350564229525515 0.374374685008798 0.556265441005529 -0.296179797787113 -0.101666827894806 -0.604461222232042 -0.387103271422914 0.900641020019155 0.48877009931772 
8.76422957557466 0.807415791211511 -0.910679390006354 -1.14515272627589 0.374274256659042 0.337736935064375 0.536405133347312 -0.279372848187322 -0.120613531751893 -0.628689866138224 -0.379545407839151 0.908062714325547 0.500158939591044 
8.78524029262107 0.808424779823923 -0.912346160252614 -1.10938703118793 0.396267035945685 0.300962251364006 0.516079124306929 -0.262395379573726 -0.139768952702931 -0.652376816510656 -0.371447248487558 0.914772196084382 0.511216201190488 
8.80656804324082 0.808134752700592 -0.91180263951475 -1.07193794529503 0.416666882479751 0.263803192594434 0.495135757034998 -0.245154468067641 -0.15922538856995 -0.675640000541405 -0.36277483343816 0.920794468609046 0.52200022200811 
8.8283894715818 0.806727021584179 -0.90901024960045 -1.03270061997756 0.435620284821938 0.225973598393378 0.473389964778512 -0.227533343844746 -0.179095763064792 -0.698604580186352 -0.353472344357058 0.926137924031099 0.53256810742185 
8.8508899233739 0.804332845304169 -0.903901814507842 -0.991512391042528 0.453263290932108 0.187179545738357 0.450638523575734 -0.209406956960507 -0.199495531835318 -0.721378617650699 -0.343468723383853 0.930785574611206 0.542964255219171 
8.87425344769847 0.801039819857055 -0.896375769014606 -0.94817798505236 0.469706010244491 0.147138165195302 0.426669758770115 -0.190651949712043 -0.220530175582508 -0.744038556202705 -0.332683260164071 0.934690505914748 0.553213435746579 
8.8986586246757 0.796899218350063 -0.886296443215066 -0.902485371717899 0.485028450472736 0.105586153367833 0.40126799274233 -0.171151656433174 -0.242287792832172 -0.766622157896309 -0.321029371398169 0.937773814329484 0.563317164230341 
8.92427761937035 0.791931895135437 -0.873496653045785 -0.854214607721103 0.499281697689747 0.062282712585664 0.374214955356038 -0.150798307237718 -0.264834476246592 -0.789125121024131 -0.308417067201348 0.939923428261848 0.573251543447939 
8.95127651465087 0.786132284553867 -0.857780877280056 -0.803142687633204 0.512490898430715 0.0170104030793354 0.345289978849341 -0.129494125920437 -0.28821064662026 -0.811498862672865 -0.294754753680243 0.940992988593301 0.582965400300503 
8.97981587167964 0.779470730581198 -0.838928478292795 -0.749046493288682 0.524658435027428 -0.030424237292518 0.314270043265367 -0.107152275070217 -0.312427330972475 -0.833648259504587 -0.279950839960731 0.940800534574804 0.592378170933205 
9.01005104063145 0.771894528995085 -0.816696934861145 -0.691705044194311 0.535766711534359 -0.080189484800776 0.280930223326786 -0.0836981152741431 -0.337461928852631 -0.855428926489504 -0.263915435569849 0.939127041763647 0.601377364422479 
9.04213201350087 0.763328028165447 -0.79082525237006 -0.630901729439228 0.545780411102516 -0.132426298726222 0.245044841267544 -0.0590710080575444 -0.363253307347052 -0.876643997002204 -0.246562316197427 0.935715005059748 0.609815623544478 
9.07620268144167 0.753672074225751 -0.761037822044505 -0.566427001904088 0.554648245349197 -0.187245072321666 0.206389576695307 -0.033226815953343 -0.389696199275757 -0.897040538627514 -0.227811299991905 0.930267354580857 0.617507499267662 
9.11239929244465 0.742803059138047 -0.72704914617741 -0.498082072584731 0.562304262778652 -0.244720986553319 0.164744883398757 -0.00614127905566868 -0.416634927479546 -0.916305829599141 -0.207591205661628 0.922447108654809 0.624226133141173 
9.15084770390854 0.730571871256749 -0.688570137965978 -0.425684459756958 0.568668804700953 -0.304887411499793 0.119901333265025 0.022185443524038 -0.443856489175188 -0.934063823690687 -0.185843666923818 0.911878380166648 0.629700156099005 
9.1916586347843 0.716803211465321 -0.645317283840561 -0.349076918710647 0.573649249335861 -0.367726292754676 0.0716680345047002 0.0517225757923179 -0.471083051208193 -0.949872345695385 -0.162528286714921 0.898149769903066 0.633611337923113 
9.23491943148776 0.701296129790165 -0.597027043689924 -0.268142498383855 0.577140829300902 -0.433153631406312 0.0198862143890214 0.0824000557221216 -0.497964006139257 -0.963222048719938 -0.137629983652446 0.880821992997815 0.635593989791702 
9.28067972515503 0.683827446013147 -0.543479761702253 -0.182830493665817 0.57902814342704 -0.500996952347333 -0.0355483817247876 0.114096138369452 -0.524068104380531 -0.973539235017209 -0.111169968022918 0.859443096647756 0.635238072403448 
9.32892676909906 0.664161193557199 -0.484540234932923 -0.0932008768707075 0.579188665458893 -0.570960316686494 -0.0946484305259712 0.146619637111147 -0.54887724615305 -0.980196817317385 -0.083222522608144 0.833577180206237 0.632099768761193 
9.37954500458845 0.642069394240036 -0.420224989377864 0.000503084594454348 0.577500712194879 -0.642572478834493 -0.157275722817015 0.179685648130938 -0.571786175493681 -0.982541555295359 -0.0539400663489379 0.802855907164419 0.625726241842618 
9.43225682368905 0.617371019914289 -0.350804400600501 0.0977489153861396 0.573859632709204 -0.715119935300431 -0.223055232108704 0.21288716442032 -0.592117715960006 -0.979950623326546 -0.0235867815874328 0.767063458906224 0.615704497547438 
9.48655521894021 0.589991975804865 -0.276928572108787 0.197595672080563 0.568205392966418 -0.787587647885432 -0.291276820857632 0.245675309856479 -0.609170431927564 -0.971930856256677 0.00742787618661511 0.726255546400196 0.601742555740948 
9.54166944146534 0.56003119924688 -0.199717060069304 0.298636092440974 0.560557758911788 -0.858667291687857 -0.360840698842485 0.277377070172367 -0.622315137631776 -0.958254830862103 0.0385420260119941 0.680877760689734 0.583773111619781 
9.59662725579529 0.527790926761845 -0.120705768434988 0.399113999436685 0.551040901399556 -0.926904926198534 -0.430335132964569 0.307280528240484 -0.631128711311847 -0.939080265996528 0.0690961760187297 0.631799737756042 0.562032535293117 
9.65043005524651 0.493731350208042 -0.0416001923048305 0.497242991631699 0.539873379060852 -0.990974341839744 -0.498273186756023 0.334772518524612 -0.635502273870181 -0.914966052953122 0.0984516116024081 0.580193534428508 0.537050662267772 
9.70225082798669 0.458367378772127 0.0360479428901597 0.591560817170599 0.527321942698105 -1.04992819594273 -0.563369885588266 0.359453161141984 -0.635651875696456 -0.88675397526127 0.126110869828906 0.527300814119284 0.509541005867548 
9.74872213442146 0.424313996874809 0.106738579155518 0.675997091339608 0.514477023408827 -1.10031108821442 -0.621215602564346 0.379971845015822 -0.632337691320071 -0.857300958074205 0.150323800034545 0.47732911305838 0.482013891285525 
9.79453289321223 0.388373408566007 0.177246942382695 0.759112764424003 0.500221623574512 -1.14748617299001 -0.677468565957209 0.398596193081978 -0.625835684977176 -0.824428804823214 0.173572199828594 0.425832611741234 0.452263485148581 
9.83538294375723 0.354160144441981 0.240666166842246 0.833134695674038 0.486041018922313 -1.18729484011602 -0.72670718576456 0.41376974439456 -0.617301289329453 -0.79190682800097 0.193721638867396 0.378137083606407 0.423579650462055 
9.87348581657203 0.320251102569848 0.300148227475249 0.902100657183703 0.471418497749235 -1.22235175975355 -0.771566725224486 0.42662463937308 -0.606998771571862 -0.75884786606843 0.211967179132114 0.332223226695347 0.395031592439747 
9.90909882834391 0.286679969505626 0.355897714106614 0.966486824483307 0.456374786614793 -1.25316679398894 -0.812272500721409 0.437437567846517 -0.595317116224461 -0.725574631823108 0.228492170476857 0.288137063976588 0.366824945747603 
9.9423519007703 0.253580102014926 0.407958681000535 1.02652993039996 0.440955562536569 -1.28011003241489 -0.848914243537106 0.446425088199835 -0.582616653010844 -0.692437438112024 0.243415625158104 0.246012349912186 0.339201027852739 
9.97336703969239 0.221087235398041 0.456396480282076 1.08244401554751 0.425196123270338 -1.30353125094555 -0.881592603552415 0.453790199263794 -0.569212135015836 -0.659732120662773 0.25685125246869 0.205941921398976 0.312360882547145 
