0 1 -0.5 
0.102758146444943 0.94871134740979 -0.4973601908348 
0.200395080948319 0.900472244313722 -0.489989820212095 
0.296608956682334 0.853861830246181 -0.478160698562553 
0.392331165080365 0.808830642680905 -0.462002761285217 
0.487801108469707 0.765661475589615 -0.441674093860152 
0.583079825469297 0.724706671647715 -0.41737563530374 
0.678182819777371 0.686317790609632 -0.389346388255623 
0.77311488774107 0.650825316860617 -0.357858201415504 
0.867879425881283 0.618531656631017 -0.323211509189859 
0.96248111719727 0.589707879943861 -0.285731498723562 
1.05692693894646 0.564591758783665 -0.245764366889467 
1.1512267745462 0.543386492277365 -0.203673569015258 
1.24539393420018 0.526259975765439 -0.159836086062158 
1.33944559798235 0.513344573385793 -0.11463880465217 
1.43340307308874 0.504737347537198 -0.068475150074469 
1.52729168959337 0.500500643882994 -0.0217421342415745 
1.62114015991491 0.500662852215104 0.0251620513911769 
1.71497934041677 0.505219102624948 0.0718398848390059 
1.80884054825088 0.514131671758678 0.117895975527567 
1.90275378667035 0.527329994908618 0.162938467316666 
1.99674627166394 0.544710358278174 0.206580732293475 
2.09084150428857 0.566135483620094 0.248443575347358 
2.18505891372275 0.591434252637559 0.288157981372614 
2.27941393994492 0.620401767004399 0.325368295224462 
2.3739183769752 0.652799857336322 0.359735667434208 
2.46858082495099 0.688358084121296 0.390941604511228 
2.56340715224682 0.726775229652648 0.41869149450407 
2.65840091633064 0.767721258136343 0.442718011547771 
2.75356372401964 0.810839712255076 0.46278432789015 
2.84889552955234 0.855750511347806 0.478687077801404 
2.94439487701734 0.902053114931431 0.490259027358941 
3.04005909632986 0.949330013781599 0.497371410055948 
3.13588446191246 0.997150508688369 0.499935892458919 
3.23186632210548 1.04507473435201 0.497906137923554 
3.32799920591191 1.09265788291839 0.491278940311062 
3.42427691232784 1.13945457863918 0.480094904031062 
3.52069258635469 1.18502335232008 0.464438651682332 
3.61723878485426 1.22893116179289 0.444438546069964 
3.71390753467325 1.27075790277612 0.42026591938862 
3.8106903848962 1.31010085330135 0.392133808783122 
3.90757845464961 1.34657899447675 0.360295204215951 
4.00456247754713 1.37983715080209 0.325040821459221 
4.10163284361074 1.4095498945866 0.2866964199517 
4.19877963930828 1.43542516126928 0.24561969208036 
4.29599268619811 1.45720752559579 0.202196757021128 
4.39326157855707 1.47468109263847 0.156838298467803 
4.49057572028038 1.48767196250569 0.109975391259922 
4.58792436127458 1.49605023320141 0.0620550669676345 
4.6852966335143 1.49973151237628 0.0135356727936039 
4.78268158689577 1.49867791554816 -0.0351179183866153 
4.88006822499345 1.4928985356429 -0.083439186481548 
4.97744554080873 1.48244937627998 -0.130964869208306 
5.07480255259042 1.46743274896229 -0.17723983120378 
5.17212833980579 1.44799614207801 -0.221821835219956 
5.26941207934719 1.42433057723889 -0.264286154901053 
5.36664308207409 1.39666847581907 -0.30422997113191 
5.46381082981458 1.36528106548467 -0.341276497378412 
5.56090501298472 1.3304753628897 -0.3750787837389 
5.65791556903188 1.29259077444401 -0.405323154499858 
5.75483272197124 1.2519953620365 -0.431732239732056 
5.85164702336875 1.20908182474204 -0.454067567754688 
5.94834939523293 1.1642632507948 -0.472131692003618 
6.04493117542112 1.11796869643688 -0.485769832828342 
6.14138416635318 1.07063864963519 -0.494871021868934 
6.2377006880703 1.02272043711123 -0.499368743787861 
