0 0 0
0.125 0.249977193452595 0.00206671456197193
0.375 0.74936159239728 0.0190403582596779
0.875 1.73542998866537 0.139354476156922
0.978062301314375 1.92516191612727 0.212248886038142
1.05699248193991 1.93594350882629 0.306178888318165
1.13258130298041 1.86714586112513 0.389001875846689
1.25445730693259 1.65699250867366 0.470394354616058
1.40477359891252 1.36006495874437 0.501513510302323
1.57286794345804 1.02404333994921 0.501410954679097
1.82126860711327 0.529386281069134 0.46945158741509
2.21360250952946 -0.243590110557753 0.36678457278804
2.6019426641439 -0.992213005419839 0.190540924234458
2.79160608687989 -1.3362195859532 0.0366359113334486
2.90832197907898 -1.39750210740706 -0.119644460789601
3.02182308370849 -1.36424983620359 -0.226301506990968
3.19741502497607 -1.20631854539747 -0.392338846846954
3.35800503428167 -0.90719914235815 -0.439240016772216
3.47999669085798 -0.665074450142294 -0.414417079429985
3.59839506535993 -0.433077885183403 -0.367809554086982
3.79730177325365 -0.0514644896309376 -0.259485119274914
4.14961824878528 0.596799996118584 0.0076711613116878
4.36447237032516 0.952857461641435 0.245126751472207
4.50621276878441 1.00942365726442 0.434569103773717
4.64212989269121 0.977165524328449 0.528809328589297
4.83962795685489 0.922120803970546 0.628181209716512
5.19621745911223 0.76267178477309 0.807148534787537
5.40509951169873 0.462227572191077 0.848659694703466
5.54847680990266 0.207466370947685 0.736243093136698
5.68554780023477 -0.011603434382368 0.575067031713994
5.83698425488614 -0.210549618404648 0.353526562589216
6.01090704881705 -0.250864778375175 0.106859344250624
6.17906318057434 -0.199804187287485 0.0114058982449195
6.39475175413134 -0.145804955272537 -0.052342032282496
6.7671593174845 -0.071350415453207 -0.12009511318195
7.27594501940961 0.0149023773914183 -0.174706568875549
7.45396022099277 0.0796518297662103 -0.188007154924676
7.59618932450148 0.218360904203884 -0.0475479722363401
7.73383929922102 0.239543986320361 0.157309105506474
7.88527632654467 0.182860443580559 0.258177770234944
8.0642105249184 0.137108540617036 0.298112748300621
8.34249309952467 0.103718056154716 0.319322286049624
8.79443284027936 0.104175335867481 0.320037784888286
9.3008090770585 0.163431231725712 0.304472742346879
9.50488413794124 0.186737154350336 0.303431301972801
9.62788917402384 0.135464772085795 0.207607056558478
9.74720229478677 0.168614631033188 0.0851706869860498
9.87828928282207 0.204761330244065 0.0525321219944059
