0 3.04159265358979 0 
0.0578671539703313 3.04076092650977 -0.02875764630609 
0.113352687526057 3.03840107017453 -0.0563842690084815 
0.168274600353461 3.0345445221844 -0.0841989235218988 
0.222847684761138 3.02917749918068 -0.112703440327969 
0.276912067843162 3.0222944648983 -0.142194850107927 
0.330247364605638 3.01390031893697 -0.172908856091649 
0.38266031862964 3.00400543545043 -0.205055868874252 
0.434007791321072 2.99262055270045 -0.2388310807287 
0.484198124494576 2.97975275529026 -0.27441831591693 
0.53318460170387 2.96540270224444 -0.311992516740351 
0.580956585166146 2.94956289975705 -0.351722051950058 
0.627530902500873 2.93221668329234 -0.393771131072983 
0.672944577153964 2.91333756782924 -0.438302401011614 
0.717249205716372 2.89288867943959 -0.485479774480874 
0.760506903289259 2.87082204413532 -0.535471564942929 
0.802787597475259 2.84707755340194 -0.588454048751174 
0.844167439494385 2.82158143967113 -0.644615638279932 
0.884728149015432 2.79424407555716 -0.704161936563274 
0.92455718299848 2.76495685330024 -0.767322069225849 
0.963748705950682 2.73358779424766 -0.834356878766369 
1.00240544164237 2.69997535902179 -0.905569862107461 
1.04064161710631 2.6639196338796 -0.981322205607551 
1.07858739030727 2.62516958171063 -1.06205403771239 
1.11639540888186 2.58340424458483 -1.14831524687537 
1.15425047312173 2.53820451759874 -1.24081104731663 
1.19238344417715 2.48901045515264 -1.34046945857828 
1.23108913898822 2.43505894361726 -1.44853563142538 
1.27073755567562 2.37531105311342 -1.56666535535229 
1.31171169164618 2.30848159876928 -1.69678732590536 
1.35397781466167 2.23377879739996 -1.83959284876364 
1.39290548207409 2.15948450905868 -1.97867975998708 
1.42790112451904 2.08796422164226 -2.1096370341687 
1.45955983947589 2.01924041203526 -2.23260427072121 
1.48862837456795 1.95265901176291 -2.34891413925286 
1.51568302727272 1.88761625781295 -2.45972193634421 
1.54239068528058 1.82043939233529 -2.57111209125896 
1.5665659583771 1.75704952478298 -2.67325629031648 
1.5904512434161 1.69198434153513 -2.77498365130949 
1.61348859928177 1.62692228583535 -2.87343036452624 
1.63565750262051 1.56217218362718 -2.96803627363874 
1.65706038455267 1.49767477242018 -3.05881911825675 
1.67781297223127 1.43329082733847 -3.14589498373537 
1.69802033550838 1.36887468741368 -3.22936132904031 
1.71777457121867 1.30428869075951 -3.30927550875352 
1.73715713011024 1.23940262750933 -3.38565551860176 
1.75624165383215 1.17408994327645 -3.45848418328001 
1.77509650639547 1.10822348163607 -3.52771245157984 
1.79378697961193 1.04167118121626 -3.59326102746993 
1.81237731683896 0.974291529247757 -3.65502028847506 
1.8309327270592 0.905928384006572 -3.7128484500354 
1.84952157793076 0.836404641989575 -3.76656774841546 
1.8682179976581 0.765514019933712 -3.81595812366033 
1.88710520105185 0.69300987014588 -3.86074743927688 
1.90628001081022 0.618589352664875 -3.90059653673511 
1.92585931022276 0.541870312617669 -3.93507610693864 
1.94598957509273 0.462356761082467 -3.96362989859944 
1.96686107692385 0.379387518948495 -3.98551408666539 
1.98872764445209 0.292066406104417 -3.99969425851473 
2.01192338165498 0.199212579445471 -4.00467361068426 
2.03680643622431 0.0996183076590949 -3.99828424396122 
2.06330991200754 -0.00611223736111832 -3.9780335502294 
2.08859031068046 -0.106298113329599 -3.94587868347698 
2.11207874625468 -0.198520740364744 -3.9049884546101 
2.13525329069902 -0.28845162691573 -3.85456737193098 
2.15730605159702 -0.372843557020886 -3.79767029988439 
2.17833060331122 -0.452049397685845 -3.73572995746799 
2.19857265771698 -0.527007534142903 -3.66940089122942 
2.21825008164398 -0.598528604108275 -3.59902929037999 
2.23753216532006 -0.667217979951225 -3.52483518981095 
2.2565502259136 -0.733520096493281 -3.4469758881891 
2.27540971572224 -0.797766816157426 -3.36556823955665 
2.29419911674325 -0.86021198059113 -3.2806972000471 
2.31299602919784 -0.921054179502192 -3.19241936721859 
2.33187142526416 -0.980451704768089 -3.10076419470252 
2.35089280588852 -1.03853257807366 -3.00573367696605 
2.3701267498461 -1.09540145874661 -2.90730067348632 
2.38964118850926 -1.1511445321024 -2.80540576785438 
2.40950766295124 -1.2058330593382 -2.69995235203781 
2.42980380194952 -1.2595260272306 -2.59079938168776 
2.45061629370058 -1.31227219868018 -2.47775088718761 
2.47204472158856 -1.36411179627059 -2.36054073678737 
2.49420683128305 -1.41507803739817 -2.23881012780144 
2.51724617644874 -1.46519879106527 -2.11207340939472 
2.54134384358525 -1.51449878909376 -1.97966418995703 
2.56673753940939 -1.56300322594192 -1.84064604714456 
2.59375493106822 -1.6107445697461 -1.69365477541941 
2.62287725134732 -1.65777699251629 -1.53659513981094 
2.65487548767087 -1.70421010538212 -1.3659884054169 
2.69114948132401 -1.75029344193102 -1.17534498644099 
2.73466993379364 -1.79654105570633 -0.950686915559228 
2.7824607437675 -1.83618226207165 -0.709061896451664 
2.82463514934386 -1.86166542857844 -0.499970402356465 
2.8637062305014 -1.87746779969724 -0.309356250387284 
2.90228669895315 -1.88581393558085 -0.123647709528322 
2.93995661873749 -1.88708918721204 0.0556821264134045 
2.97723870715603 -1.88172988555962 0.231629015026918 
3.01479119749692 -1.86972331727913 0.407695842059806 
3.05337062355992 -1.85052009423623 0.587739996755095 
3.09407289926661 -1.82274290369902 0.777117711740882 
3.13912504823816 -1.78301865253761 0.986352694464244 
3.19708369489695 -1.71806173437714 1.25512003260511 
3.23970542828655 -1.66036311167549 1.45226454631573 
3.27494439894279 -1.60632456669741 1.61457853110448 
3.30636100490746 -1.55333821914041 1.75838961947096 
3.33531021971074 -1.50052928297908 1.88977941327568 
3.36385007743887 -1.44476380819305 2.01783634678279 
3.3910204218313 -1.38830219342072 2.13794719533847 
3.41685715212784 -1.33161103655722 2.25008687173711 
3.44158566789184 -1.27466629733113 2.35508157974584 
3.46542363485201 -1.21734491892053 2.45370138392663 
3.48855026434922 -1.15951986223421 2.54652045704859 
3.51111150536345 -1.1010747664911 2.63393999424195 
3.53322958128819 -1.0419003576638 2.71622885969876 
3.55501086595595 -0.981888146736518 2.79355479296727 
3.57655179606949 -0.920924443332544 2.86600478562202 
3.59794346283911 -0.858884706210442 2.93359718496248 
3.61927550780174 -0.795627640272701 2.99628762235991 
3.64063982898817 -0.730988321395327 3.0539698527303 
3.66213454767518 -0.664769507007067 3.10647165337544 
3.68386870967662 -0.596730061659429 3.15354498344378 
3.70596828365798 -0.526569108414273 3.19484839343069 
3.72858409978515 -0.453904359810384 3.22991781846302 
3.75190209959336 -0.378244305268837 3.25811891002835 
3.77615409127029 -0.298961843894404 3.27857011208335 
3.80161647221557 -0.215313778152876 3.29002718172857 
3.82854024937947 -0.126697453146902 3.29077230132183 
3.8568424929645 -0.0336993223800948 3.27884894943744 
3.88557470642292 0.0601762922280229 3.25346749001784 
3.91180562726986 0.145086537891988 3.21879526752718 
3.93770561634155 0.227896086113797 3.17407490806203 
3.96244874131323 0.30580628662358 3.12196822739709 
3.98609130054619 0.378947427368001 3.06399082415648 
4.00887189988749 0.448041700307438 3.00094549318669 
4.03101822555553 0.513763504238337 2.93328915136738 
4.05271452083275 0.576633868770792 2.86131101712824 
4.07410725043748 0.637039687820459 2.78520809489798 
4.09531576379849 0.695268194736285 2.70511724909054 
4.11644105021119 0.751534364069048 2.62112974299637 
4.13757208242296 0.805999814237616 2.5332981947957 
4.15879040055849 0.858785391300266 2.44163969032463 
4.18017357799069 0.909979461188402 2.3461364809859 
4.20179803646131 0.959643281742295 2.24673479235825 
4.22374154186503 1.0078142966605 2.14334185316085 
4.2460856345455 1.05450783202005 2.03582099507875 
4.26891821814046 1.09971742475097 1.92398444269781 
4.29233654082232 1.14341381424388 1.8075831418077 
4.3164508521446 1.1855424352187 1.68629260538863 
4.34138911676593 1.22601901299494 1.55969321642357 
4.36730333316661 1.26472251383625 1.42724260954343 
4.39437827431162 1.30148412820856 1.28823651085399 
4.42284388069107 1.33606994566237 1.14175258606122 
4.45299310664775 1.36815308230843 0.986569487419768 
4.4852075227226 1.39726737727095 0.821051778796544 
4.51999199593074 1.42272780835791 0.642998310252085 
4.55801054661811 1.44349103714439 0.449501301115774 
4.60006935786004 1.45792287839367 0.237097138005371 
4.64682065602794 1.46353244819485 0.00333014488329215 
4.69769773170105 1.45729404230548 -0.247976262125357 
4.74662010870672 1.43931839345166 -0.486286690921468 
4.79062505798295 1.41325965151845 -0.697521434844769 
4.83015250182364 1.38198509669989 -0.884396676619332 
4.866177736835 1.34709696309229 -1.05199238191449 
4.89952225805634 1.30946921801896 -1.20443654402385 
4.93240885698053 1.26742648118449 -1.35185456597734 
4.96205999544908 1.22540728592256 -1.48187837450644 
4.9913440043039 1.18016887204656 -1.60718958828114 
5.01959702578371 1.1330918018273 -1.72474531365345 
5.0468243305375 1.08462891250232 -1.83450073202062 
5.07317879878216 1.0349220875802 -1.93701425905427 
5.09882506548719 0.984007200937196 -2.03284131273291 
5.12391177306525 0.931877150008718 -2.12241617625941 
5.14857063267358 0.878500089025353 -2.20604918986408 
5.17292094919538 0.823823714937526 -2.28394381893411 
5.19707461309809 0.767774797612023 -2.35621177753175 
5.22114073758798 0.710256476500815 -2.42288234638002 
5.2452301052688 0.651143807070689 -2.48390568033207 
5.26945979374628 0.59027737493405 -2.53915003979693 
5.29395837515718 0.527454584861949 -2.58839210485628 
5.31887200313732 0.462418425236882 -2.631298312395 
5.34437126440503 0.394844842970046 -2.66739347628595 
5.37065690806032 0.324335096123418 -2.69601116870375 
5.39795617716149 0.25043773649056 -2.71622185556847 
5.42648079812375 0.172782356545297 -2.72675768526992 
5.45627040743891 0.0915339261624076 -2.72606488837977 
5.48686762827187 0.00829363515404772 -2.71287763382956 
5.51724472184119 -0.0737592979923317 -2.68738256702616 
5.54649786248825 -0.151873829920251 -2.65137691418618 
5.57434110860647 -0.225100894140869 -2.60697473275919 
5.60090467625295 -0.293689607629587 -2.5557510482275 
5.6264448624533 -0.358251154638275 -2.49870854039761 
5.65121064626606 -0.419376466434371 -2.43647647724933 
5.67540989327025 -0.477538338689826 -2.3694668623259 
5.69921071892437 -0.533093103315407 -2.29796221734316 
5.72275061480255 -0.586304061510671 -2.22216119800634 
5.74614516148589 -0.63736364450603 -2.14220262008324 
5.76949476874421 -0.686409912972372 -2.05817869801453 
5.79288964636216 -0.733537907713905 -1.97014262647231 
5.81641349367047 -0.778807131384774 -1.87811294608695 
5.84014632079224 -0.822246217572004 -1.78207592516848 
5.86416669210425 -0.863855497446583 -1.68198664953336 
5.8885535797419 -0.903607892671917 -1.57776928585387 
5.91338793390559 -0.941448359018242 -1.46931693125191 
5.93875400365105 -0.977291959054831 -1.35649154628903 
5.96474035846966 -1.01102054042691 -1.2391247121273 
5.99144044341048 -1.04247794123687 -1.11702042816249 
6.01895231503308 -1.07146366672941 -0.989962003856491 
6.04737690512155 -1.09772516337548 -0.857726486411415 
6.07681369053642 -1.12094933099259 -0.720112197070588 
6.10735199675759 -1.14075508086209 -0.576987769801183 
6.13905550770994 -1.15669103935707 -0.428373530857821 
6.17193763327465 -1.16824623703361 -0.274564321305698 
6.20592801709777 -1.17488578665898 -0.116288232035119 
6.24083818734733 -1.17612323952915 0.0451427629878194 
6.27634637706185 -1.17162689926393 0.207789492957199 
6.31202626278727 -1.16132532093845 0.369261905911232 
6.3474242412277 -1.14545223325944 0.527119121552375 
6.38215232653328 -1.12449480301581 0.679317889361783 
6.41594965730999 -1.09907325698338 0.824483628907954 
6.44869257308388 -1.06981754014995 0.961923817109915 
6.4803678099482 -1.03728684547569 1.09146971248227 
6.51103429546657 -1.00193763851686 1.21327487339216 
6.54079035284416 -0.964123528722243 1.32764917653918 
6.5697515962952 -0.924109015508868 1.43494926785256 
6.59803836234402 -0.882085962234463 1.53551633989845 
6.6257697281732 -0.838187906569529 1.62964499690367 
6.65306152425847 -0.792500840164337 1.71756967917582 
6.68002661399556 -0.745070549789602 1.79945970821806 
6.70677645530813 -0.695907007917731 1.8754176292044 
6.73342345894662 -0.644986271326161 1.94547775162211 
6.76008396035795 -0.592250203146064 2.00960292303932 
6.78688178394425 -0.537604230427131 2.06767795622901 
6.81395240876004 -0.480913436822913 2.11949797887238 
6.84144753871913 -0.421997915082063 2.16474940115317 
6.86953904633698 -0.360630451753822 2.20298041394275 
6.89841861544371 -0.296546080595763 2.23355802960753 
6.92828180532403 -0.229491033976213 2.25561462116102 
6.95926702755438 -0.159380380171058 2.2680171264861 
6.99129967425963 -0.0866753798747373 2.26948936843938 
7.02387649194316 -0.0128790623066233 2.25913556434249 
7.05613381899986 0.0596717901062019 2.23721325646664 
7.08735934852034 0.129056417917737 2.20514374196857 
7.11730193824987 0.194501066786764 2.16465518923052 
7.14604353643238 0.256053644086199 2.11715362057279 
7.17379169215054 0.31407475609647 2.06361952986361 
7.2007665188221 0.368960582490407 2.00471416803312 
7.22716263582145 0.421047706444052 1.94089243296846 
7.25314363448354 0.470596650905466 1.87247779937374 
7.27884657171643 0.5177998002783 1.79970653025683 
7.30438809204814 0.562793485587699 1.7227535748139 
7.32986975081824 0.605668358614479 1.64174838560369 
7.35538213170206 0.646477022550223 1.55678523965805 
7.38100789869311 0.685239216780176 1.46793056951759 
7.4068239981568 0.721945075079393 1.37522876830685 
7.4329031743099 0.756556912426208 1.27870744947949 
7.45931488461235 0.789009898525117 1.17838295347502 
7.48612562466359 0.819211916633391 1.0742668726527 
7.51339859757531 0.84704290539944 0.966374448183036 
7.54119259000012 0.87235405237104 0.854735829972268 
7.56955985216944 0.894967366528786 0.739411313111764 
7.59854274421141 0.914676417552362 0.620511636396964 
7.62816895464095 0.931249382084476 0.498223999064059 
7.65844530469466 0.944435902419258 0.372843226200786 
7.68935063351289 0.953979417799448 0.24480504276089 
7.72082907239278 0.959636150289346 0.114714584606784 
7.75278599616567 0.961200295782407 -0.0166409065573545 
7.78508950435776 0.958532031995501 -0.148307901092288 
7.81757954216091 0.951581678775335 -0.279218755007887 
7.85008427527673 0.940402024768566 -0.408275421500675 
7.88244006378406 0.925143564023713 -0.534444921819733 
7.9145095176871 0.906033531165045 -0.656839853069695 
7.94619311270066 0.883345478692966 -0.774764022086458 
7.97743289890496 0.857368128619888 -0.887718780151148 
8.00820978336973 0.828380034803284 -0.99537922312276 
8.03853723626029 0.796632646676863 -1.09755477857541 
8.06845407739456 0.762341156062696 -1.19414671749656 
8.09801806794714 0.725680979523234 -1.28511007298917 
8.12730109344457 0.686787551888641 -1.3704227606197 
8.15638609896404 0.645757582753607 -1.45006169269365 
8.18536563534209 0.602650537930495 -1.52398424050693 
8.21434178542117 0.557489623082608 -1.59211292082842 
8.24342724055386 0.510261947776428 -1.65432111009436 
8.27274727824731 0.460917952572797 -1.71041756267869 
8.30244220418327 0.40937086864345 -1.76012735988961 
8.33266915504379 0.355498588305527 -1.80306671709909 
8.3636002484411 0.299154384187712 -1.8387095432126 
8.39540916004951 0.240202797585323 -1.86634767967789 
8.42822766435584 0.178617404553199 -1.88506386292279 
8.46204196558017 0.114697444738732 -1.89378788830894 
8.49653372739217 0.0493832148154697 -1.89158549026761 
8.53103771404179 -0.0156851216624927 -1.87821496972118 
8.56483247245353 -0.0787865283573285 -1.85444832499766 
8.59749857272276 -0.138854425856037 -1.82167862767059 
8.62896513559637 -0.195563061362601 -1.78130168034035 
8.659359414628 -0.249010844167098 -1.7344208344359 
8.68887387490317 -0.299441674517651 -1.68183480172702 
8.71770102735274 -0.347106577403502 -1.62411486344135 
8.74601174571409 -0.392215326452554 -1.56167842147775 
8.77395228840451 -0.43492704988003 -1.49484003496104 
8.80164739298899 -0.475353846435965 -1.42384414802793 
8.82920448014534 -0.513567181261399 -1.34888626683097 
8.85671736960303 -0.549603739419356 -1.27012742462381 
8.88426914406632 -0.583469973699235 -1.18770490502464 
8.91193417708167 -0.615145412461263 -1.10174102501371 
8.93977941893629 -0.644585017602856 -1.01235113200792 
8.96786501964493 -0.671720926234679 -0.91965161951394 
8.99624433357435 -0.696463919947567 -0.823768561888004 
9.02496332292132 -0.718704989017261 -0.724847411084033 
9.05405937052117 -0.738317403657991 -0.623064009111077 
9.0835595386551 -0.755159758278468 -0.518636875826827 
9.1134783834248 -0.769080485491617 -0.411840264399844 
9.1438155644765 -0.779924288302404 -0.303016799193394 
9.17455367205128 -0.787540734614192 -0.192587675394184 
9.20565688666823 -0.791794826202091 -0.0810576279984402 
9.2370711998535 -0.792578688507485 0.0309883968665728 
9.26872683043413 -0.789822768120831 0.142899174807333 
9.30054307760947 -0.783504390885574 0.253981950559796 
9.33243520709609 -0.773651612260661 0.363535164951531 
9.36432230933784 -0.760341171719392 0.470883535689299 
9.39613472685062 -0.743690799563986 0.575408775317303 
9.42781981414807 -0.723847502193407 0.676570508150458 
9.45934537604129 -0.700974172380929 0.773914937375135 
9.49070082503902 -0.675236737619149 0.867072016920271 
9.52189661240671 -0.646793325115436 0.95574401043604 
9.55296269700041 -0.615786028279621 1.03968894469052 
9.58394676935453 -0.582335149722307 1.11870192581027 
9.61491276789956 -0.546535403068041 1.1925962011629 
9.64594001426681 -0.508453456681299 1.26118471238075 
9.67712310001741 -0.468126326805977 1.32426193362368 
9.70857245246086 -0.42556045724353 1.38158505790254 
9.74041517953047 -0.380731980554881 1.43285304197793 
9.77279507027038 -0.333590050727522 1.47768171171169 
9.80586889423604 -0.284068255104231 1.51557362823337 
9.83979217525498 -0.232115893066424 1.54588488945827 
9.87468004669985 -0.177773228366183 1.56780396195656 
9.91052207987756 -0.121324063163841 1.58039285442649 
9.94705597424888 -0.0635102662403055 1.58279310804695 
9.98371655665317 -0.00560155518596807 1.5746403204054 
