0 3.04159265358979 0 
0.0446321344778914 2.89011925381694 -6.67496226462454 
0.0875934894810862 2.47440872918402 -12.4796527275085 
0.134178898110555 1.76930401619368 -17.4619020392652 
0.187862945028295 0.726914772434487 -20.8388937571514 
0.256737810330517 -0.737830504333082 -20.7718817513557 
0.315404599298391 -1.85801166566069 -16.8823377487474 
0.364257797388581 -2.55550469948813 -11.4268120486398 
0.406998439867961 -2.91975172245672 -5.52690050949779 
0.446761014083719 -3.02121227713742 0.419919259786748 
0.485962442156307 -2.88889030456247 6.24974221186771 
0.527290212937472 -2.51092414938542 11.8674843227898 
0.572969839014012 -1.84726415430861 16.88359066895 
0.625598666393632 -0.85129655057936 20.4632575410551 
0.691994764272864 0.551292318529269 20.9302951000986 
0.752371146200974 1.72635907014965 17.4091651936943 
0.802296915308286 2.46989382688736 12.1043451619078 
0.845744674938421 2.87096657428995 6.25194602246745 
0.885665263655222 3.00285024721213 0.348430393449215 
0.924953983789746 2.90048328388466 -5.48804293214211 
0.965959959216067 2.5566657779145 -11.1208681661758 
1.01104919051131 1.93378460981702 -16.2218919752518 
1.0626675973678 0.986216439682154 -20.0214533993699 
1.1266464676505 -0.351961194985859 -21.0198463069884 
1.18893669498446 -1.58481550079854 -17.9201400614996 
1.24003864592103 -2.37717615948858 -12.7889824129496 
1.28425457215748 -2.81725273242111 -6.99407540710936 
1.32444088601117 -2.98079396081461 -1.12713143271491 
1.36395576791004 -2.90839567529717 4.72952224077546 
1.40469345936513 -2.59772402389687 10.3754375959579 
1.44923269432291 -2.01441881826269 15.5502809742337 
1.49991724841226 -1.11376021154229 19.5473034694274 
1.56179898068853 0.163884690487706 21.0120695745419 
1.6259639644347 1.44899789955615 18.3415825184517 
1.67821575936175 2.28667018636729 13.3901489203396 
1.72317457240807 2.76298427015843 7.65979789791948 
1.76370092927556 2.95571220527631 1.82323168035733 
1.80353498527991 2.91012902230656 -4.05815191846089 
1.84408754900914 2.62817240808712 -9.71110558626462 
1.8881801151066 2.07918270978185 -14.9393790789265 
1.93810418079288 1.21928471164715 -19.0907663346226 
1.99835972440739 -0.00690782855857863 -20.9202200672724 
2.06417026851332 -1.33324066372521 -18.6331587295082 
2.11741991047167 -2.20749351079179 -13.846437807496 
2.16301704136402 -2.71317265328188 -8.18116347059446 
2.20388755214952 -2.92958458119135 -2.3722592595852 
2.24405183948945 -2.90543587807253 3.52755721935639 
2.2845019069942 -2.64584410419563 9.17939254778835 
2.3282778675504 -2.12366641883159 14.4383585812805 
2.37765386474776 -1.29580503310806 18.6947339928219 
2.43677146716348 -0.109587342210015 20.7800245461767 
2.50390774883468 1.24545411197055 18.7925367588953 
2.55792589378957 2.14505302191498 14.1395806087224 
2.60401199701577 2.67125908062716 8.53342289434493 
2.64517369560164 2.90440306097457 2.75191545148488 
2.6856188217443 2.89541123437821 -3.15400682551963 
2.72603370586638 2.65144600837954 -8.79646286967476 
2.76962090828049 2.14816965315619 -14.0656361218483 
2.81865556767806 1.34315896596214 -18.3813620784606 
2.87706727064952 0.185431132003355 -20.6247393640435 
2.94515763736839 -1.18614972698188 -18.8410911520269 
2.99969870099908 -2.10007715924225 -14.2854060063876 
3.04611972722255 -2.63817488766419 -8.72895673351697 
3.08749697367028 -2.881283081643 -2.97519130256664 
3.12815071208121 -2.88152056482319 2.92382123459543 
3.16857901737179 -2.64718304981866 8.5497646409288 
3.21208579571867 -2.15581037419039 13.8128686203615 
3.2609539486332 -1.36552715374153 18.1509026874607 
3.3190054771663 -0.22638541518295 20.4739362059993 
3.38767226998807 1.1509391734303 18.8072226609062 
3.44252038566547 2.07006018309288 14.315556076041 
3.48914464958614 2.61292286922357 8.79923707175989 
3.53066561383086 2.86041045081159 3.07337052490472 
3.5714593672772 2.86504371621254 -2.80792639761375 
3.61193378716317 2.63560966760491 -8.4118263847154 
3.65544300859909 2.15065765761073 -13.6569408382876 
3.70427869322026 1.36873785135854 -17.9897445252155 
3.76222752288621 0.240518155722739 -20.3343336613354 
3.83114196254382 -1.13390783598816 -18.7159974189449 
3.88612956755809 -2.05141116496662 -14.2622468550821 
3.93285668126335 -2.59374144099278 -8.77811411268427 
3.97446448931337 -2.84145257245641 -3.08004706089913 
4.01534401934231 -2.84689865674242 2.77561359999698 
4.05588623287132 -2.61892635887536 8.35349077760317 
4.09945758104373 -2.13641341421726 13.5722645923331 
4.14835772507061 -1.35823681734054 17.8803637132754 
4.20638811170365 -0.235402957591027 20.2054056884534 
4.27529821707668 1.12980165197504 18.5857058686183 
4.33030373108391 2.04088351616706 14.1509586981166 
4.37706149233972 2.5789467146716 8.69307930884176 
4.41871496278903 2.82394572209926 3.02256816601268 
4.45964102850084 2.8276722403749 -2.80198940444014 
4.50026600456715 2.59873807299233 -8.3510914095988 
4.54394173112996 2.11586433351975 -13.5377094564481 
4.5929752718517 1.33818357586974 -17.8074779167858 
4.65121884169275 0.216844117583517 -20.0841274730504 
4.71994645596778 -1.13476331600464 -18.4282783377391 
4.77488333300086 -2.03607359924701 -13.9992138100132 
4.82162037428621 -2.56725810324975 -8.56334065875947 
4.86329067452353 -2.80748603930139 -2.92008176736291 
4.90423580693153 -2.80770974332829 2.8696512557557 
4.9449547609123 -2.57609314446382 8.38806953263582 
4.98876552047505 -2.09087064719347 13.5383420748617 
5.03798273760208 -1.31138183132298 17.7599595038917 
5.09653721925572 -0.188763252580104 19.9673187059491 
5.16496046156176 1.14625621553723 18.2508683214403 
5.21976569802114 2.03539038832506 13.8179827603472 
5.26644438102805 2.55781117096727 8.4010723339327 
5.30811123077328 2.79177593358267 2.78473810413796 
5.34905610676154 2.78719462799297 -2.96757328127481 
5.38987836821572 2.5516154043199 -8.45391567454232 
5.43384783047919 2.06256312476145 -13.5645948807728 
5.48328778895346 1.2795518400057 -17.7304892505988 
5.54223140015593 0.153571184196485 -19.852328273079 
5.61026572733727 -1.16274215767298 -18.0573367778806 
5.66489077500766 -2.0378603048852 -13.6135315573598 
5.71148174880618 -2.55006397950673 -8.21333337049376 
5.75313044144127 -2.77660945812104 -2.62357942138161 
5.79406105457683 -2.76620258562324 3.08938802890777 
5.83499527235417 -2.52562980994856 8.54253420529553 
5.87914343620329 -2.03155301221288 13.6108306120638 
5.92883937843273 -1.24363833873369 17.7145740684601 
5.98824123280071 -0.112594924100579 19.7369995497768 
6.05582419592314 1.18337628475403 17.8492954179028 
6.11022849296636 2.04293804100196 13.3888850748492 
6.15670687051356 2.54369827788068 8.00364948913607 
6.1983262644745 2.7618437936823 2.44010611117069 
6.23923203338352 2.7447328137086 -3.23196922408802 
6.28028704007271 2.49825092103485 -8.65089383478922 
6.32463260024796 1.99808694169928 -13.6741280059649 
6.37461583305011 1.20404268445251 -17.7096479712316 
6.43454366691808 0.0664009992445611 -19.6194216548764 
6.50162373383953 -1.20779098923035 -17.6267245826274 
6.55577018038658 -2.05037083064797 -13.1447673236837 
6.60211286998466 -2.53854576161241 -7.77305364042443 
6.64369416828182 -2.74737352400826 -2.23530563460875 
6.68456681519316 -2.72272226005959 3.39450817353472 
6.72575236802021 -2.46943333708664 8.77814588165488 
6.77031453635859 -1.96213913846868 13.7534718584539 
6.82061746082129 -1.16076364054503 17.7144360413169 
6.88114405334063 -0.0149915863760661 19.4976389562752 
6.94767227758561 1.23596751257186 17.3882518275531 
7.00152388837711 2.06011607996618 12.8800883989588 
7.04770760707443 2.53454092454788 7.52064378732571 
7.08924372975371 2.73311033305575 2.00819632939902 
7.13007676143284 2.7000463566695 -3.57803921951524 
7.1714043281811 2.43898956474453 -8.92516634441428 
7.21620446955021 1.92344898325347 -13.8493112453285 
7.26686334867454 1.11345788936902 -17.7285624792303 
7.32807293647045 -0.0421119603088657 -19.3693306251395 
7.39399601912167 -1.26817964645682 -17.1311435822993 
7.44751308664436 -2.07230237662213 -12.5920509520386 
7.49351265701877 -2.53169501645531 -7.24373627065016 
7.53499809588209 -2.7189658687509 -1.75595902984314 
7.57578682181551 -2.67650623205084 3.78535434135653 
7.61727059101437 -2.40657722506255 9.09446257622796 
7.66233402373557 -1.88150818668572 13.9634263585159 
7.71339208193711 -1.06142726411062 17.7523449743078 
7.77538821607125 0.105889190398465 19.2313931648678 
7.8406415808663 1.30500187827529 16.8509881192844 
7.89377873440954 2.08722797832856 12.2758727635382 
7.93956529871395 2.53008649555301 6.93761961297593 
7.98099645821788 2.70483359501078 1.4736541327869 
8.02173863865239 2.65179742261458 -4.02132187793329 
8.06339701771063 2.37164875065452 -9.29045421413707 
8.1087554162875 1.83548865164831 -14.0990955379393 
8.16026703670376 1.00352136013386 -17.7867315449299 
8.22318399518224 -0.177961476732393 -19.079278064209 
8.28768350891074 -1.34739394281099 -16.5409192237183 
8.34038593218176 -2.10540164245624 -11.9239757657423 
8.38592463913466 -2.52986704110306 -6.59476652670748 
8.42730081855927 -2.69056285466652 -1.15336936255587 
8.4679982933914 -2.62544576679136 4.29377666729679 
8.50985637880983 -2.33333964914934 9.52027652191294 
8.55555150466831 -1.78407617565098 14.2616566018649 
8.6075888252157 -0.937907917457477 17.8333631659921 
8.67161050371566 0.260923593703227 18.9057627113659 
8.73524137922337 1.39691278905175 16.1899493604172 
8.78743896621644 2.12765140730408 11.5241788728896 
8.83268538177961 2.53128824318327 6.20304907253538 
8.87401080661683 2.67591093854487 0.782319109359763 
8.91467297876878 2.59667383212533 -4.61547541106095 
8.95676702339444 2.2902318667858 -9.79554661000499 
9.00285726485332 1.72511602429016 -14.459762172879 
9.05552188312422 0.861581237132689 -17.8947709819661 
9.12091682298251 -0.359056035787027 -18.6983535275223 
9.18351753290105 -1.45618299075383 -15.7792967632937 
9.23511451433599 -2.15536648940767 -11.0556988255379 
9.28000825244875 -2.53476133771499 -5.74177951339374 
9.3212961341557 -2.66043504818719 -0.338669515385892 
9.36194744265884 -2.56410167185549 5.00836311131488 
9.40433371240054 -2.23982774604294 10.1361903813222 
9.45090686877091 -1.65482838515668 14.7080549194173 
9.50435310237576 -0.769275038642155 17.9746660200349 
9.57154743665187 0.47991000468379 18.4330412532061 
9.63288290115947 1.52992849324348 15.2737611349763 
9.68373748351344 2.19101216463333 10.4798865417011 
9.72818991303578 2.54096039464771 5.17257458097588 
9.76947107206803 2.64320447490538 -0.218003491824655 
9.81016789178457 2.5250109387728 -5.51324401631608 
9.85294194370369 2.17728748559419 -10.5789763433379 
9.90014300234994 1.5659477678504 -15.0328544615529 
9.95462981814326 0.65089467462862 -18.0777408159464 
