0 1 -0.5 
0.095988999625986 0.952123815918746 -0.496783416037891 
0.190686773716834 0.905403839356403 -0.4892133104359 
0.285013439803552 0.85978249063316 -0.47739359772262 
0.379200524436917 0.815538270883344 -0.461429129039703 
0.473305261232326 0.773024881161822 -0.441460236410296 
0.567339759488209 0.732602567282097 -0.417664461733383 
0.661304112439343 0.694618073091694 -0.390254198769416 
0.755195261255874 0.659397077435488 -0.359474065641818 
0.849009747656256 0.627240010701495 -0.325598147131425 
0.9427449236078 0.598419021496885 -0.288926976810227 
1.03639974278356 0.573175590699453 -0.249784244133339 
1.12997538530407 0.551718700651229 -0.208513296210922 
1.2234757465262 0.534223542516631 -0.165473542672037 
1.31690776218434 0.520830735473029 -0.121036884775906 
1.41028152114181 0.511646000992616 -0.0755842880192775 
1.5036101073216 0.506740199889034 -0.0295026023802358 
1.59690912148078 0.506149606129589 0.0168183007649397 
1.6901958785607 0.509876272136035 0.0629880693669512 
1.78348835808578 0.517888354489055 0.108618168758372 
1.87680406722742 0.530120327591371 0.153324091565101 
1.97015900456078 0.546473100238806 0.196727656129176 
2.06356686742111 0.566814128490701 0.238459526079429 
2.15703856215304 0.590977657710971 0.278162002283582 
2.2505820058008 0.618765225116293 0.315492061304231 
2.34420217382314 0.649946528583036 0.350124563646813 
2.43790134382594 0.684260734318061 0.381755529275042 
2.53167949219621 0.721418262620807 0.410105367323798 
2.62553480636859 0.761103058205221 0.434921944877932 
2.71946427622891 0.802975319022219 0.455983384500468 
2.81346432516162 0.846674626421154 0.473100492882911 
2.90753143756026 0.891823392783283 0.486118744293571 
3.00166273801509 0.938030524088058 0.494919771376627 
3.09585647948931 0.984895187195211 0.499422349287443 
3.19011240394942 1.0320105762378 0.499582892804729 
3.28443194844562 1.07896758865228 0.495395515326075 
3.37881828125556 1.1253583463812 0.486891719655956 
3.47327616495096 1.17077952779315 0.474139800801739 
3.56781165488066 1.21483550656556 0.45724403987817 
3.66243165178616 1.2571413211608 0.436343756526131 
3.75714333577051 1.297325519376 0.411612266990108 
3.85195351571594 1.33503293452817 0.383255768892316 
3.94686793376241 1.36992745188223 0.351512144843048 
4.04189056884078 1.40169481552598 0.316649648504025 
4.13702298645885 1.4300455074027 0.278965411777081 
4.23226378352785 1.45471770280642 0.238783693630839 
4.32760817614333 1.4754802724817 0.196453782802876 
4.42304777378858 1.4921357638849 0.15234747091074 
4.5185705743404 1.50452325775135 0.106856031093439 
4.6141611999278 1.51252096647319 0.0603866702150194 
4.70980137444746 1.51604842381926 0.0133584675359496 
4.80547062093546 1.51506811621126 -0.0338021354776314 
4.90114713382569 1.50958642676905 -0.0806661783155492 
4.99680876099342 1.49965380377025 -0.126807199575848 
5.09243401698914 1.48536412014804 -0.171806247038155 
5.18800304465117 1.4668532519415 -0.215256693618361 
5.28349844824274 1.44429696135716 -0.256768693215454 
5.3789059362659 1.41790821512795 -0.295973149886309 
5.47421473334032 1.38793409480189 -0.3325251253445 
5.56941774430257 1.35465246012649 -0.366106664534977 
5.66451147636909 1.31836851155618 -0.396429068480186 
5.75949574409672 1.27941136790663 -0.423234681331981 
5.85437319552882 1.23813073666349 -0.446298281141576 
5.94914870615217 1.1948937138223 -0.465428170702762 
6.04382869083392 1.15008171279071 -0.480467057580109 
6.13842038392213 1.10408749172699 -0.491292794100854 
6.2329311353376 1.05731222812126 -0.497819022234815 
6.32736776661564 1.01016257958422 -0.499995738543185 
6.42173602589106 0.963047670862797 -0.497809764205537 
6.51604017476547 0.916375958442893 -0.49128507777128 
6.61028273259776 0.870551944380478 -0.480482946722089 
6.70446439473193 0.825972738074641 -0.46550178082465 
6.7985841304532 0.783024495550594 -0.446476627643169 
6.89263945440527 0.742078796670313 -0.423578239514022 
6.98662685268669 0.703489047306249 -0.397011661392333 
7.08054233318881 0.667587011843132 -0.367014318223916 
7.17438206041817 0.634679588310916 -0.333853615258127 
7.26814302924505 0.605045932579831 -0.297824100342817 
7.36182373010486 0.578935020029912 -0.259244268989127 
7.45542475922318 0.556563705508772 -0.218453117151873 
7.54894932905665 0.53811530883931 -0.175806561446646 
7.64240363307691 0.523738716980726 -0.131673852108992 
7.73579701322049 0.513547957020294 -0.086434101190592 
7.8291418711108 0.507622156932056 -0.0404730356461417 
7.92245326853766 0.506005775590681 0.00581994487328831 
8.01574819836312 0.508708959132357 0.0520543821579392 
8.10904458190705 0.515707885332329 0.0978411042336408 
8.20236013585497 0.526945005983846 0.142794440867732 
8.29571129673551 0.542329180755749 0.186534487307629 
8.3891123619738 0.561735780060852 0.228689564224505 
8.48257492717331 0.585006884460748 0.268898945399567 
8.57610762197211 0.611951715187397 0.306815843598523 
8.66971610392017 0.642347408752362 0.342110587461327 
8.76340325982208 0.675940216265886 0.374473891289538 
8.85716956958511 0.712447174541594 0.403620106241316 
8.95101359433228 0.751558263206472 0.429290337666765 
9.04493255252012 0.792939029411375 0.451255316449746 
9.13892294543646 0.836233630073088 0.469317922936399 
9.23298118964836 0.881068213500171 0.483315281316146 
9.3271042116806 0.927054541366026 0.493120369616936 
9.42128996135298 0.973793741522916 0.498643123195576 
9.51553780543177 1.02088008384915 0.49983104363555 
9.60984877208778 1.06790468490814 0.496669355664118 
9.70422562791406 1.11445907042898 0.489180777939872 
9.79867278148268 1.16013855383571 0.477424986526545 
9.89319601929393 1.2045454199765 0.461497851428945 
9.98780209057566 1.2472919317006 0.441530517223487 
10.0824981663088 1.28800319956512 0.417688380347977 
10.1772912050954 1.3263199692548 0.390169990616825 
10.2721872643008 1.36190138577832 0.359205876000621 
10.3671907995418 1.39442778756 0.325057260805723 
10.4623039991018 1.42360356735418 0.288014621308379 
10.5575262018853 1.44916011144523 0.248396002850535 
10.652853447324 1.47085879576536 0.206545011535801 
10.7482782021459 1.4884939804101 0.162828394798905 
10.8437893009953 1.50189590686231 0.11763314027125 
10.9393721248081 1.51093337046215 0.0713630520245105 
11.0350090226539 1.51551602019975 0.0244348056960116 
11.1306799607294 1.51559613408857 -0.0227264652541777 
11.2263633588366 1.51116973453528 -0.0696919477914381 
11.3220370534897 1.5022769442845 -0.116034142686182 
11.417679311446 1.48900153572168 -0.1613318939693 
11.5132698109052 1.47146968699619 -0.205175266986217 
11.6087905112143 1.44984801790073 -0.247170102382204 
11.7042263450036 1.42434102717044 -0.286942108774049 
11.7995656867708 1.39518808366556 -0.324140406356439 
11.8948005754556 1.36266013344935 -0.358440488518082 
11.9899266917812 1.32705627391041 -0.389546619914028 
12.0849431111072 1.28870031902066 -0.417193730357295 
12.1798518674853 1.2479374427024 -0.441148890183499 
12.2746573740826 1.20513094660295 -0.461212463198897 
12.3693657496866 1.1606591600448 -0.477219029149135 
12.4639841017412 1.11491244780329 -0.489038151601242 
12.5585198144696 1.06829027840098 -0.496575042707311 
12.6529798870682 1.02119829320463 -0.499771147163061 
12.7473703622344 0.974045315140338 -0.498604637300043 
12.8416958795031 0.927240244869576 -0.49309078294733 
12.9359593808099 0.881188810621449 -0.483282136524197 
13.0301619870657 0.836290163601918 -0.469268458527477 
13.1243030541864 0.792933341188423 -0.45117630337433 
13.218380405208 0.751493651343691 -0.42916819177138 
13.3123907226025 0.712329059674523 -0.403441313398779 
13.406330072916 0.675776681156134 -0.374225731081648 
13.5001945258559 0.64214948834176 -0.341782091490647 
13.5939808232551 0.611733345015448 -0.306398883282482 
13.6876870505444 0.584784458892029 -0.268389316637019 
13.7813132638755 0.561527321295906 -0.22808792432271 
13.8748620277988 0.542153169246017 -0.185847001436503 
13.9683388182488 0.526818969580138 -0.142033008603385 
14.0617522408856 0.515646887926564 -0.097023062553188 
14.1551140072224 0.508724168112749 -0.0512016278697486 
14.2484386109984 0.506103311270508 -0.00495749869579177 
14.3417426740973 0.507802415602879 0.04131889048805 
14.4350439979424 0.513805533877689 0.0872378632845779 
14.5283604448124 0.524062943488216 0.132412732412076 
14.6217088328109 0.538491301573353 0.176462037833066 
14.7151040163509 0.556973745209318 0.219011952283839 
14.8085582519457 0.579360056498288 0.259698945433208 
14.9020808672027 0.6054670287228 0.298172714503033 
14.9956781991043 0.635079153056734 0.334099325038596 
15.0893537513292 0.667949714276847 0.367164468989467 
15.1831085238817 0.703802350289912 0.39707673066598 
15.2769414755579 0.742333097301225 0.423570745537273 
15.3708500829743 0.78321290976821 0.446410138368435 
15.4648309583077 0.826090612213846 0.465390136032262 
15.5588804841378 0.870596210750625 0.480339767609766 
15.6529954209271 0.91634446928365 0.491123589997334 
15.7471734429284 0.962938642252141 0.49764290903071 
15.8414135625943 1.00997425459537 0.499836500280455 
15.9357164116627 1.05704283059744 0.497680865550955 
16.030084357916 1.10373549455133 0.491190086393073 
16.1245214487487 1.14964639438891 0.480415351449909 
16.2190331847382 1.19437593034084 0.465444238666233 
16.3136261373688 1.23753380008904 0.446399826451848 
16.4083074343826 1.27874189612515 0.423439691321318 
16.5030841438502 1.31763710742452 0.396754825783477 
16.5979625941678 1.35387408438088 0.366568482261169 
16.6929476720943 1.3871280224216 0.333134919717866 
16.7880421447241 1.41709750584002 0.29673800264579 
16.8832460537176 1.44350742992161 0.257689580342671 
16.978556230516 1.46611198807941 0.216327561147309 
17.0739659786235 1.48469767421733 0.173013594451997 
17.1694649622269 1.49908621292297 0.128130285117972 
17.2650393285504 1.50913729654923 0.0820778913016999 
17.3606720742613 1.51475098465702 0.0352704964792457 
17.4563436449097 1.51586961324564 -0.0118683041733591 
17.5520327330523 1.51247907261505 -0.0589101103602077 
17.6477172186791 1.50460934446788 -0.105426676098001 
17.7433751785629 1.49233423793354 -0.150994948035128 
17.8389858823791 1.47577032374718 -0.195201995035187 
17.9345306946891 1.4550751264661 -0.237649650932982 
18.0299938129465 1.43044468656781 -0.277958723512808 
18.1253627904622 1.40211063965379 -0.315772669749387 
18.2206288163493 1.37033697449398 -0.35076069176994 
18.3157867480773 1.33541662520705 -0.382620260878378 
18.4108349131937 1.29766802903567 -0.411079120790576 
18.5057747129663 1.25743174578039 -0.435896851097368 
18.6006100714114 1.21506719454537 -0.456866086038658 
18.6953467787764 1.17094952398434 -0.473813482658915 
18.7899917800433 1.12546659834473 -0.486600518801164 
18.8845524576375 1.07901605637113 -0.495124178569649 
18.9790359542737 1.03200238523339 -0.499317554499974 
19.0734485773893 0.98483394767676 -0.499150365277001 
19.1677953210801 0.937919907288411 -0.494629358779486 
19.2620795347114 0.891667013134541 -0.485798545620264 
19.3563027591261 0.846476229277869 -0.472739191025416 
19.4504647414091 0.802739224224796 -0.455569485223262 
19.5445636276425 0.760834766721577 -0.434443816057105 
19.6385963206338 0.721125103433722 -0.409551582626435 
19.7325589773516 0.683952416674387 -0.381115514147028 
19.8264476102216 0.649635472849484 -0.349389490973667 
19.9202587488903 0.618466572384532 -0.314655900576567 
20.0139901153709 0.590708899273893 -0.277222595363342 
20.1076412653674 0.566594344798599 -0.237419547267512 
20.201214150297 0.546321848675404 -0.195595313226692 
20.2947135551145 0.530056265584471 -0.152113435386645 
20.3881473634746 0.517927728319911 -0.107348900884795 
20.4815265943005 0.510031441649848 -0.0616847783170719 
20.5748651506641 0.50642780412573 -0.0155091271462912 
20.6681792408885 0.507142723854303 0.0307877669642045 
20.7614864894429 0.512167983053394 0.0768158496798638 
20.8548048423279 0.521461533640726 0.122187553693622 
20.9481514424761 0.534947676374119 0.166520020487521 
21.0415416562483 0.55251716485048 0.209437457494547 
21.1349883700482 0.574027344242961 0.250573740436787 
21.2285015919115 0.599302460725546 0.289575286816979 
21.3220883326066 0.628134266732936 0.326104156407165 
21.4157527173519 0.660283018058851 0.359841292119682 
21.5094962798522 0.695478925236904 0.390489794399596 
21.603318397744 0.733424088496043 0.417778114693849 
21.697216832902 0.773794912855658 0.441463053533489 
21.7911883393975 0.816244967578582 0.461332455831168 
21.8852292983536 0.860408224041082 0.477207511304505 
21.9793363356505 0.905902581426963 0.488944591768854 
22.0735068778519 0.952333574072346 0.496436587723847 
22.1677396050885 0.9992981503116 0.499613740668583 
22.2620347669331 1.04638842098121 0.498444000383179 
22.3563943376388 1.0931952949389 0.492932963523362 
22.4508219990807 1.13931194594906 0.483123467797946 
22.5453229519278 1.1843370859733 0.469094922816605 
22.6399035668487 1.2278780499989 0.450962454190648 
22.734570897273 1.26955372323083 0.428875922892075 
22.8293320832239 1.30899735983522 0.403018859504797 
22.9241936821731 1.3458593515234 0.373607325695195 
23.0191609680312 1.37981000311223 0.340888686094222 
23.1142372434307 1.41054236061375 0.305140246005366 
23.2094232132387 1.43777511599805 0.26666768714404 
23.3047164681733 1.46125558299288 0.225803218170074 
23.4001111255446 1.48076270263645 0.182903352115294 
23.4955976683591 1.49610999951383 0.138346231393319 
23.5911630133386 1.50714837463845 0.0925284441906565 
23.6867908224544 1.5137685945841 0.0458613130332456 
23.7824620520479 1.51590332449312 -0.00123331598885202 
23.8781557104589 1.51352855940978 -0.0483277023575794 
23.9738497724298 1.50666433568532 -0.0949931282972999 
24.0695221800974 1.49537464985193 -0.140804936052831 
24.1651518495387 1.47976657031801 -0.185347498720999 
24.2607196007635 1.45998858852519 -0.228218942356612 
24.3562089380241 1.43622831092668 -0.269035463719721 
24.4516066246236 1.40870963278975 -0.307435132128408 
24.5469030188551 1.3776895541968 -0.343081117431393 
24.6420921615163 1.34345479670082 -0.37566434008595 
24.7371716272079 1.30631835871675 -0.404905585716804 
24.8321421690031 1.26661611436379 -0.430557159810299 
24.9270071980261 1.22470352062893 -0.452404175842371 
25.0217721461611 1.1809524575809 -0.470265572351902 
25.116443762431 1.13574819089046 -0.483994943415969 
25.2110293927496 1.08948641853342 -0.493481245909219 
25.3055362898481 1.04257034624409 -0.498649419468536 
25.3999709959382 0.995407729857696 -0.499460924832634 
25.494338835377 0.948407827043763 -0.495914176580623 
25.5886435481505 0.901978215250409 -0.488044820421907 
25.6828870871006 0.856521455362448 -0.475925785999818 
25.7770695922418 0.812431609206333 -0.45966703616092 
25.8711895442986 0.770090650337204 -0.439414934590602 
25.9652440872628 0.729864837540428 -0.415351166268011 
26.0592294973536 0.692101144918173 -0.387691168471837 
26.1531417646717 0.657123857463257 -0.3566820615084 
26.2469772455131 0.625231444001748 -0.322600103909376 
26.3407333387226 0.596693809526423 -0.285747731756695 
26.4344091386428 0.571750007555664 -0.246450271495463 
26.5280060187482 0.550606463256586 -0.205052436910381 
26.6215281011832 0.533435723363048 -0.161914732737495 
26.7149825649629 0.520375712376537 -0.117409890263003 
26.8083797386606 0.511529437454358 -0.0719194546279552 
26.9017329180657 0.506965047272766 -0.0258306262890796 
26.9950578615821 0.506716116790776 0.020466578326286 
27.0883719646441 0.510782012531886 0.0665818475652394 
27.1816931977607 0.519128210601059 0.112126863105218 
27.2750389721974 0.531686501423426 0.15671751452401 
27.368425119753 0.54835510312404 0.199976214810227 
27.4618651233463 0.568998781428305 0.241534443503138 
27.5553696512025 0.593449109900771 0.281035561982962 
27.648946379413 0.621505000299688 0.318137870127881 
27.7426000565316 0.652933606262979 0.352517824953974 
27.8363327606969 0.687471670278294 0.383873317521447 
27.9301443067857 0.724827350562862 0.411926894605602 
28.0240327665208 0.76468253169939 0.436428810078501 
28.1179950648024 0.806695590346736 0.45715979634294 
28.212027612362 0.850504556439403 0.473933459556474 
28.306126931236 0.895730584086951 0.486598224397339 
28.4002902282265 0.941981628512977 0.495038783537716 
28.4945158739634 0.988856218686706 0.49917704063862 
28.5888037516708 1.03594722092869 0.498972569162741 
28.6831554495086 1.08284550577288 0.494422638027335 
28.7775742821044 1.12914345596586 0.485561875310534 
28.8720651391439 1.17443828373155 0.472461650584856 
28.9666341704432 1.2183351560128 0.455229254396418 
29.0612883270242 1.26045015336134 0.434006940895315 
29.1560347860887 1.30041310833909 0.408970878743837 
29.250880294548 1.33787038056576 0.380330028949482 
29.3458304711857 1.37248762670838 0.348324939262256 
29.4408891118298 1.403952614409 0.313226416416937 
29.5360575450017 1.43197810981663 0.275334013000067 
29.6313340869269 1.45630484028117 0.234974248286732 
29.7267136436489 1.47670449913572 0.192498475107054 
29.8221875031718 1.49298272178862 0.148280310297347 
29.9177433510071 1.50498192627008 0.102712566172004 
30.0133655276918 1.51258388259992 0.0562036545637036 
30.1090355271979 1.51571185973517 0.0091734807284447 
30.2047327123398 1.51433220126704 -0.0379511035146423 
30.3004352002095 1.50845520385679 -0.0847411672439461 
30.3961208509585 1.49813521439684 -0.130770727430403 
30.4917682804749 1.48346991782535 -0.175621751103758 
30.5873578141756 1.46459884894044 -0.218888947429499 
30.6828723059813 1.44170121855189 -0.260184186431672 
30.7782977622485 1.41499318786832 -0.29914042195961 
30.873623732083 1.38472474910054 -0.335415048744232 
30.9688434492921 1.3511763729146 -0.368692678027975 
31.0639537337055 1.31465556665907 -0.39868736489767 
31.1589546780781 1.27549345623567 -0.425144356946158 
31.2538491599647 1.2340414654995 -0.447841455048786 
31.3486422257428 1.19066812651553 -0.466590082523214 
31.4433403971419 1.14575601714219 -0.481236150552726 
31.5379509503938 1.09969879303092 -0.49166078857484 
31.6324812155901 1.05289826149697 -0.497780981963395 
31.7269379398506 1.00576143587291 -0.499550129390774 
31.8213267528351 0.958697510993523 -0.496958502193865 
31.9156517669541 0.912114712702203 -0.490033561102757 
32.0099153370829 0.866416995294222 -0.478840064798433 
32.1041179953821 0.822000588391946 -0.46347989255438 
32.1982585659397 0.779250425787599 -0.444091501658478 
32.2923344517862 0.738536519440422 -0.420848950336562 
32.3863420743255 0.700210367831799 -0.393960437988689 
32.4802774337028 0.664601505259049 -0.36366634450461 
32.5741367495901 0.632014304410579 -0.330236785497553 
32.6679171364175 0.602725137478027 -0.29396873577275 
32.7616172654903 0.576979981985564 -0.255182804532296 
32.8552379676419 0.554992529165252 -0.214219769147451 
32.948782731575 0.536942818743003 -0.171436988203987 
33.0422580515905 0.522976387674045 -0.12720481926686 
33.135673572271 0.513203883360854 -0.0819031631143671 
33.2290419710029 0.507701054657241 -0.0359182419951176 
33.3223785259362 0.506508999098546 0.0103603126798825 
33.4157003565813 0.509634522481951 0.0565420471074861 
33.5090254019241 0.517050475448555 0.10223801363892 
33.6023712859063 0.528695984291914 0.14706298705104 
33.6957542582671 0.544476578338055 0.19063774561448 
33.7891883630441 0.564264297987553 0.232591558497964 
33.8826849059452 0.587897913146754 0.272564942581978 
33.9762522172829 0.615183385271466 0.310212672357536 
34.0698956680199 0.645894683006306 0.345206971802473 
34.1636178887048 0.679775028739126 0.377240788288282 
34.2574191471539 0.716538619904704 0.406031036320878 
34.3512978470235 0.755872836018306 0.431321695810812 
34.4452511108432 0.797440909781021 0.452886653387599 
34.5392754084192 0.840885009115301 0.470532186830467 
34.6333671877538 0.885829649445945 0.484099012863136 
34.7275234636282 0.931885335567335 0.493463846579455 
34.8217423205684 0.97865232315296 0.498540453847457 
34.9160232925526 1.02572439292425 0.499280211963333 
35.0103675909872 1.07269254520814 0.495672223952775 
35.1047781639163 1.11914854665426 0.487743054218187 
35.1992595816952 1.1646882904904 0.475556165052881 
35.293817756149 1.2089149625671 0.459211133933049 
35.3884595106959 1.25144203349181 0.438842721107653 
35.4831920276683 1.2918961190334 0.414619837721604 
35.5780222061527 1.32991976431878 0.386744439184381 
35.6729559693674 1.36517421075274 0.355450339764588 
35.7679975651271 1.39734219754867 0.321001915615844 
35.8631489063298 1.42613083252095 0.283692637825994 
35.9584090002372 1.45127454042446 0.243843357845416 
36.0537735148266 1.47253806365261 0.201800257921641 
36.1492345265625 1.4897194527028 0.157932381716745 
36.2447804854771 1.50265294692807 0.112628676997894 
36.3403964197775 1.51121161522746 0.0662945134592075 
36.4360643834919 1.51530960740235 0.0193476823313131 
36.5317641283239 1.51490386511557 -0.0277860642716857 
36.6274739575621 1.50999515977144 -0.0746778245180088 
36.7231716991321 1.50062836280469 -0.120900555026363 
36.8188357203373 1.48689190743254 -0.166034094889869 
36.9144459013399 1.46891646199225 -0.209670018473043 
37.0099844891245 1.4468728937715 -0.251416147149649 
37.1054367676923 1.42096964934327 -0.290900587486084 
37.2007915009094 1.39144970601909 -0.327775213916423 
37.2960411281216 1.35858725626451 -0.361718568846045 
37.3911817156897 1.32268427403937 -0.3924382036812 
37.4862126870996 1.28406708354139 -0.419672523778655 
37.5811363686778 1.24308301299279 -0.44319222489854 
37.6759573968493 1.20009717539055 -0.462801417513707 
