Calculating integral for the following functions in interval [0,1]: 
sqrt(x): (0.666666666666683, 5.77964923024108E-11, 37270), 0.666666666666667
1/sqrt(x): (2, 5.32413776522351E-11, 696814613), 2
4sqrt(1-x^2): (3.1415926535898, 4.52467568890545E-11, 92191), 3.14159265358979
ln(x)/sqrt(x): (-4, 5.50898719025184E-11, -483920198), -4
0
0.022564574684605
0.0451111059138231
0.0676215926416353
0.0900781184875888
0.112462893687391
0.134758296586918
0.156946914530847
0.179011583999989
0.200935429854989
0.222701903548297
0.244294820171195
0.265698394208159
0.286897273876944
0.307876573939362
0.328621906874903
0.34911941231693
0.369355784659193
0.389318298748841
0.408994833590809
0.4283738939975
0.447444630126877
0.466196854861551
0.484621058990953
0.502708424168304
0.520450833623745
0.537840880624585
0.55487187468314
0.57153784552206
0.587833544816224
0.603754445739294
0.61929674035172
0.634457334875423
0.649233842908403
0.663624576640214
0.67762853613648
0.691245396767417
0.704475494861627
0.717319811672247
0.729779955747805
0.741858143804843
0.753557180203586
0.764880435131489
0.775831821602558
0.786415771382771
0.796637209953797
0.80650153062852
0.816014567932583
0.825182570366352
0.834012172661318
0.842700808211091
0.850838030645267
0.85864995754556
0.866143595930107
0.873326166255387
0.88020507623083
0.886787895820257
0.89308233237972
0.899096206889554
0.904837430325214
0.910313981125558
0.915533883449846
0.920505186338158
0.925235943542731
0.929734194457181
0.93400794663831
0.93806515613283
0.941913716378308
0.945561437500587
0.949016036051183
0.952285120444049
0.955376179218136
0.958296570081358
0.961053509941906
0.963654065777598
0.966105146778
0.968413497182386
0.97058569008357
0.972628122375049
0.974547009513149
0.976348383489936
0.978038088500568
0.979621779759152
0.981104921520735
0.982492787269396
0.983790458824394
0.985002827500276
0.98613459620311
0.987190276283603
0.988174196840877
0.989090502471498
0.989943157220597
0.990735948146112
0.991472488846783
0.992156223262892
0.992790429705552
0.993378225464023
0.993922571241427
0.994426275772096
0.994892000635057
0.995322265250793
0.995719451654022
0.996085809686919
0.996423461979094
0.996734408834505
0.99702053381969
0.997283606910453
0.99752529277984
0.997747152331464
0.997950649141119
0.998137153799368
0.998307948788454
0.998464231659537
0.998607124858722
0.998737664380705
0.998856826304056
0.998965515087529
0.999064572031817
0.999154778433419
0.999236859536288
0.999311487432642
0.999379286567602
0.999440827095216
0.999496647245473
0.9995472365754
0.999593048635539
0.999634501497984
0.999671979742593
0.999705837478633
0.999736399997857
0.999763965950034
0.999788809256956
0.999811180926263
0.999831310746998
0.999849408899821
0.999865667458275
0.999880261657467
0.999893351433235
0.999905082479053
0.999915649307194
0.999925040077568
0.999933436168266
0.999940936932116
0.999947632468981
0.999953604441593
0.999958926777478
0.999963666344645
0.999967883584599
0.999971633038107
0.999974963934785
1/sqrt(x): (2.00000000000047, 4.72398675656864E-11, 45919), 2
