0 0 9.99999971718069E-10 0
0.02 0.022564575 0.0225646773188034 0.022564574684605
0.04 0.045111106 0.0451112442107409 0.0451111059138231
0.06 0.067621594 0.0676217244816384 0.0676215926416353
0.08 0.090078126 0.0900782220585434 0.0900781184875888
0.1 0.112462916 0.112462965622195 0.112462893687391
0.2 0.222702589 0.222702457858316 0.222701903548297
0.3 0.328626759 0.328626682729012 0.328621906874903
0.4 0.428392355 0.428392423467284 0.4283738939975
0.5 0.520499878 0.520500016304747 0.520450833623745
0.6 0.603856091 0.603856184849437 0.603754445739293
0.7 0.677801194 0.677801181856103 0.67762853613648
0.8 0.742100965 0.742100859742192 0.741858143804843
0.9 0.796908212 0.796908074913668 0.796637209953797
1 0.842700793 0.84270068974759 0.842510367644053
1.1 0.88020507 0.880205043203596 0.88020507623083
1.2 0.910313978 0.910314035506212 0.910313981125557
1.3 0.934007945 0.934008062438552 0.934007946638309
1.4 0.95228512 0.952285258268515 0.952285120444049
1.5 0.966105146 0.966105266402972 0.966105146778
1.6 0.976348383 0.97634845580629 0.976348383489936
1.7 0.983790459 0.983790470207606 0.983790458824394
1.8 0.989090502 0.989090453811526 0.989090502471498
1.9 0.992790429 0.992790333976641 0.992790429705552
2 0.995322265 0.995322139581219 0.995322265250793
2.1 0.997020533 0.997020395440758 0.99702053381969
2.2 0.998137154 0.998137018211188 0.998137153799368
2.3 0.998856823 0.998856700762316 0.998856826304056
2.4 0.999311486 0.999311382118005 0.999311487432642
2.5 0.999593048 0.999592964536606 0.999593048635539
3 0.99997791 0.999977894851102 0.99997792064788
3.5 0.999999257 0.999999255782864 0.99999925708612
